Time	Mean	Median	Upper	Lower
2013.153	28.616869538292853	16.290969144608308	12449.769319145227	0.20609550911403096
2013.031787878788	27.175509004772813	15.857023307319324	7949.501781650254	0.3060749042253167
2012.910575757576	24.765126289641607	15.251484874252467	4456.900859247652	0.3785112815909786
2012.789363636364	21.64728111846	14.135356753570383	2390.50183752846	0.5306393671975582
2012.668151515152	17.995627817215105	12.39030167482333	1228.3394327991143	0.6103940629997769
2012.54693939394	14.95890754107982	11.0679902448951	507.01545692728916	0.7344419815068104
2012.425727272728	11.314740582383628	8.878293131414047	206.9743250836728	0.9211417011586917
2012.304515151516	6.239407684733052	5.460195022299965	72.63987497236315	0.682460675329618
2012.183303030304	2.739596366857162	2.6013014954834666	22.708374385969798	0.33442958278735113
2012.062090909092	3.9448664820411063	3.7594591371922332	30.869814111380467	0.459210429232268
2011.94087878788	7.515829422796939	6.360416105048099	114.90979632539165	0.8050930718773559
2011.819666666668	14.168401573567161	10.722689441773436	355.7866494169024	1.1037380196497806
2011.698454545456	24.21907040673383	16.96896228379116	885.0562757385801	1.2977750529457386
2011.5772424242439	36.793662110510276	24.67785722503087	1982.120219627119	1.6494918510983312
2011.4560303030319	54.22087655646888	35.07796962353596	4572.586540534486	2.143994226042483
2011.3348181818199	73.53225116423648	46.334008532214376	6581.669852526839	2.454615323113515
2011.2136060606078	95.21840272929416	59.7485391858549	9582.887442303634	2.9220844962857755
2011.0923939393958	113.37974263464739	71.11359678194046	11804.022759574415	2.698771268324859
2010.9711818181838	132.00247077190147	81.9104373082826	16777.37557690477	3.2734706569650966
2010.8499696969718	147.20774240245137	91.4987821577356	25095.74522393642	3.287948988280771
2010.7287575757598	158.2470360979252	98.96336998537406	24712.102621215854	3.0299861486376054
2010.6075454545478	159.81496671221888	97.84041216715579	26859.959044981	3.8815405944966788
2010.4863333333358	155.57703088141687	97.28725454948889	19306.496274428904	3.0756532149498828
2010.3651212121238	148.3917868737155	90.51896533093802	22591.580467213073	3.451867495765115
2010.2439090909118	130.76556307120552	81.11516386815262	16991.949918893046	3.2599703441022245
2010.1226969696997	110.52934814659204	71.06017947948128	10720.365528947812	3.0426588995506796
2010.0014848484877	87.67515713396145	57.85039486105001	6483.832207588603	2.6448951010599373
2009.8802727272757	66.25325049922743	46.176694001807306	4609.6707753513	3.1466012071881186
2009.7590606060637	46.26593974155659	33.76639988070388	1980.4867702625252	2.738041325231937
2009.6378484848517	29.155945216115608	21.891123657287956	787.0638476775244	2.118293641739668
2009.5166363636397	12.707385293067809	10.606063702041405	335.77166780880077	0.9592011141475739
2009.3954242424277	3.8634952889159124	3.7619348963802115	76.9534622904531	0.15390209621345058
2009.2742121212157	1.2869549245063732	1.2376960656045435	25.26132930268957	0.07415925549759833
2009.1530000000037	0.9882777616854289	0.93361047789293	11.116798921534771	0.06082555728248597
2009.0317878787916	1.8695976694480227	1.6456445296811293	19.646325459377454	0.2191098047768866
2008.9105757575796	3.739430942615071	2.929129668740268	58.359515191390095	0.4065982304055499
2008.7893636363676	5.435380991472434	4.065275478547411	113.92088513202008	0.5332476661392628
2008.6681515151556	6.426551957387277	4.700807306179439	206.09681537417197	0.47664359220780633
2008.5469393939436	6.9817108920177295	5.172304708888875	261.5959107329045	0.37469187758444533
2008.4257272727316	7.189882973245128	5.418870852508389	236.88728944898037	0.40024617472440893
2008.3045151515196	6.72110323879756	5.165039909153597	172.73016674834503	0.3150450258968618
2008.1833030303076	5.674608728445559	4.5126601058960905	136.77109890174845	0.31510206572189225
2008.0620909090956	4.768379351519674	3.886020947163652	94.67861675490958	0.29652588208008407
2007.9408787878835	4.137884182822315	3.5836028345549362	71.46284677932137	0.3069229063006892
2007.8196666666715	3.8629850287882417	3.357234380489057	67.85099350818683	0.2700112692502843
2007.6984545454595	3.830395423597525	3.3370980979444136	64.83454217866792	0.2585843520832637
2007.5772424242475	4.134860143193258	3.6782646571719217	74.07993994899908	0.3086081955904767
2007.4560303030355	4.674118770787709	4.177059232128144	74.03278225079805	0.3362718630603867
2007.3348181818235	5.6683826914613995	5.060376888214637	70.70286030415235	0.5760612506091382
2007.2136060606115	5.862313912201197	5.228836976219343	56.23016208673178	0.5945960461210433
2007.0923939393995	4.875412633584903	4.570112682907757	42.04723703817542	0.5083051954197959
2006.9711818181875	5.774729058338651	5.377420105587936	56.09076492923808	0.6813110829217038
2006.8499696969754	9.244209759734227	8.161893441112744	99.93858228764523	1.0018765550035436
2006.7287575757634	15.127459464379548	12.495663861967394	219.24950450882866	1.2841176431428256
2006.6075454545514	22.960339671974378	18.01896156465868	480.272751630769	1.9767424591360172
2006.4863333333394	30.76894032893217	23.432699751459744	613.8747449014759	2.542744683408865
2006.3651212121274	38.81133352241772	28.80080889878699	960.4566394317571	2.9349033333100527
2006.2439090909154	42.16175883898281	30.731332669340127	1050.218032205225	3.051072874309453
2006.1226969697034	39.73620892486839	30.29428828128357	863.706788695102	3.0170720203126096
2006.0014848484914	34.03886056506548	26.711163150969526	769.8915477459057	2.9896179439248556
2005.8802727272794	25.220084335191082	20.881934747258143	471.39303417506704	2.300672078014391
2005.7590606060674	17.170352073131284	14.721483876432416	300.57896809783307	1.3026541991391045
2005.6378484848553	11.681694985634998	10.438477035104327	177.82101135685076	0.8216686957882122
2005.5166363636433	8.769876108662494	7.8268083101033366	122.50889969592752	0.9051021541252626
2005.3954242424313	7.458214825453634	6.800532553553535	74.88465549629049	0.8241165651491523
2005.2742121212193	7.050771455305314	6.36591854817996	69.0989642753826	0.9220382686777759
2005.1530000000073	7.026118474338023	6.505922424097324	65.27602198791239	0.9449541813653656
2005.0317878787953	6.305573786273558	5.882115229861977	66.84649411265036	0.7258318223790827
2004.9105757575833	4.480829864032532	4.347625460277071	47.63339256977331	0.37234246294192086
2004.7893636363713	3.019201693062583	2.9522859138621946	39.88116128407739	0.2930591414440054
2004.6681515151593	2.1578361423755763	2.0797841511311472	23.834973724862696	0.19593955933397708
2004.5469393939472	1.6979865209039506	1.6389097539321118	16.524953566247994	0.1586566181341225
2004.4257272727352	1.5992951765989596	1.5265801614205232	17.97376020518169	0.14104393015955688
2004.3045151515232	1.523183189870719	1.4690505936487932	21.081231135172306	0.12460231581062567
2004.1833030303112	1.5567651345649143	1.485978116106558	33.817466260606814	0.09562783087169296
2004.0620909090992	1.6028381883149618	1.5533626169483497	40.63608866354076	0.0466020678684653
2003.9408787878872	1.715322785941567	1.6923931678255244	77.45789630894241	0.045868540609881776
2003.8196666666752	1.8225068653276681	1.8442300154044395	142.57504494581835	0.035094142057622624
2003.6984545454632	1.8558807711478948	1.9413377462113286	197.0291044472203	0.02762355945546681
2003.5772424242512	1.8165201378291211	1.9490058736742648	205.06713373667708	0.01179136032434364
2003.4560303030391	1.707479771961139	1.9444411226362204	165.5599263193389	0.007933496987815045
2003.3348181818271	1.5546152249030611	1.8032488182342619	252.76862945160508	0.007061891572596819
2003.2136060606151	1.3452247776302486	1.6251422170564152	245.2476647027156	0.005689130937614117
2003.092393939403	1.143861172064909	1.4699628337153845	195.5221823163624	0.003742070833108531
2002.971181818191	0.9921019117685214	1.290937292284275	259.0492089660031	0.003341579274009862
2002.849969696979	0.8428950291587013	1.114053586493075	238.9804763926832	0.0016599636193508401
2002.728757575767	0.7054425518525751	0.9534809772827354	114.91688833008821	6.128297292654346E-4
2002.607545454555	0.5896167035166358	0.8331735445364199	183.1482850677977	4.871307676760424E-4
