Time	Mean	Median	Upper	Lower
2011.953	5.1883757750498045	4.611901414485763	1166.7004321726663	0.03135040962426437
2011.862090909091	5.190912912672429	4.571966161213094	947.4759427816201	0.033144332327620055
2011.771181818182	5.189777089327672	4.586238435874673	736.19096529024	0.038433386353734215
2011.680272727273	5.182379817626975	4.581393236806781	629.7640139709467	0.047756133345348256
2011.589363636364	5.199079222994366	4.5842425446941455	564.3922109533844	0.058126292864243916
2011.498454545455	5.206675807880928	4.570977193851317	505.2555528678435	0.06886933186809958
2011.407545454546	5.215016450650855	4.567327652505204	469.4163022486553	0.088983644494131
2011.316636363637	5.18698257535038	4.511418710617086	304.00168710661495	0.0762110181632702
2011.225727272728	5.187792284738652	4.487303193343554	325.3544071811196	0.12006170168613504
2011.134818181819	5.1774560177313935	4.452923781014234	265.3671353641076	0.14285695866657652
2011.04390909091	5.15357108530631	4.432347311922023	205.61959755354343	0.17536076420381236
2010.9530000000009	5.138075558337123	4.343270569385356	158.8001341937878	0.221199678356333
2010.8620909090919	5.055050356940697	4.313348862726902	136.06897698043613	0.25712576327442116
2010.7711818181829	4.883538600097811	4.179362084128199	110.3295009443439	0.26659449431681287
2010.6802727272739	4.653824042771651	3.9865870686935514	92.85533163322191	0.2845561094964317
2010.5893636363649	4.392785204937566	3.775198603168972	89.61483292778124	0.34787900271352534
2010.4984545454558	4.075925517787002	3.5376282982563336	65.03996278093523	0.3157866451877329
2010.4075454545468	3.780049604385954	3.34015123323236	56.34935377609785	0.3291868642080344
2010.3166363636378	3.5622355420325484	3.2101368099214795	45.880732562051904	0.3174533372384192
2010.2257272727288	3.3964061074124814	3.127960175933166	39.638227528142274	0.31290930758394714
2010.1348181818198	3.2979571042512124	3.098327841466143	40.46704490576141	0.32640753332945843
2010.0439090909108	3.2632145457298845	3.0816580921420598	35.82578023950146	0.3082391677552858
2009.9530000000018	3.238179541966739	3.1205524194410033	33.40132234410302	0.31481282103050484
2009.8620909090928	3.2653977666556147	3.171878723412697	35.4396916279794	0.3437148401269931
2009.7711818181838	3.3464839948878224	3.290091575258548	32.88926604409739	0.3512792628235806
2009.6802727272748	3.489034563156066	3.4319986373225064	32.46286790639812	0.37736160074253206
2009.5893636363658	3.7132075138412506	3.64158170336478	36.14374465839654	0.47481220909567695
2009.4984545454568	3.9791954268210588	3.91821742846312	32.013976242291655	0.4679457748069767
2009.4075454545477	4.344793496870966	4.259424766014414	34.53274229534725	0.5867857427771997
2009.3166363636387	4.7901656935346635	4.6865471000042005	32.27040097262358	0.6422257579752364
2009.2257272727297	5.333119593548664	5.225192756051617	36.2849440035183	0.9032956306754378
2009.1348181818207	6.027735096329445	5.848194112089438	34.41412959561266	1.1727127909332855
2009.0439090909117	6.899805801170734	6.595266986428289	28.86739705734174	1.7036392818039954
2008.9530000000027	6.939980258331184	6.672480259458527	26.050804022039898	1.9436537594365053
2008.8620909090937	7.6822463876721345	7.434292220421427	26.784192757313797	2.191138042180347
2008.7711818181847	9.34632901011831	8.964566915288305	34.25955439620846	2.5836171076320054
2008.6802727272757	11.490935814749319	10.89163580894678	46.66791924038122	2.870018304547658
2008.5893636363667	13.604553755887729	12.66312042434042	64.07020851006142	3.2457854083234037
2008.4984545454577	15.458375048162354	14.222871014119253	80.88176806498905	3.327630828602915
2008.4075454545487	16.98620667052473	15.465657366254916	101.49148700645618	3.7638526816076197
2008.3166363636396	18.199306213549423	16.48754844629548	114.65848731355622	3.6515098447228316
2008.2257272727306	19.42282153495808	17.494671800724234	122.02961283506703	3.8316724569520404
2008.1348181818216	21.056825188681657	18.813220192131368	131.34312983400613	4.412479593178887
2008.0439090909126	22.02054525695928	19.551486247834152	124.16493995557242	4.74716550741463
2007.9530000000036	21.345330057060675	19.006903978399805	120.44464007573214	4.839773209433415
2007.8620909090946	19.35985501147996	17.369472837858897	103.49494476337335	4.374957001835417
2007.7711818181856	16.951312366360547	15.313047229905848	85.74739084795377	4.072600181549745
2007.6802727272766	14.475072899971362	13.426767720951911	63.67493363170907	3.7113450568484003
2007.5893636363676	11.89343719003465	11.366355834890765	46.125584908833424	3.2776526354827102
2007.4984545454586	9.460556706529017	9.3252529559612	33.29951082464377	2.571768175940879
2007.4075454545496	8.05924836734466	8.134709475463467	27.074704559270323	2.2827120785082626
2007.3166363636406	8.276059738187474	8.432737485913	27.630573392251122	2.279234421019598
2007.2257272727315	10.616205930128693	10.564755063602739	36.05707918568032	2.935127397453318
2007.1348181818225	15.196090671576277	14.762763546606706	54.53784810910264	4.639268987076304
2007.0439090909135	24.934118202311776	23.23970501318771	86.98762934938989	8.144874088939256
2006.9530000000045	35.9557206907585	33.060648462313004	132.5099214748826	11.353319783399883
2006.8620909090955	41.160321607787026	37.91959189818066	154.7876956020305	12.41860821950665
2006.7711818181865	39.10811565408558	36.103132785377156	150.8850267245581	12.13860431775941
2006.6802727272775	33.278995488006885	31.275933923165017	119.13003561737585	10.44580067764278
2006.5893636363685	27.750445917293245	26.66752752501514	91.81376740037467	9.040068180722344
2006.4984545454595	23.79852205160073	23.253693440737567	72.45917354093886	8.252044215567642
2006.4075454545505	21.585259154648053	21.23881967528159	65.1213769139013	7.570565131477027
2006.3166363636415	20.94859921138868	20.565195917883916	59.53951373501163	7.438354942969942
2006.2257272727325	19.75822483853238	19.41094775311536	55.655665289653555	7.1988803923742415
2006.1348181818234	20.072422436851454	19.627774613527	54.082416011052175	7.717821363856726
2006.0439090909144	21.22141667113723	20.42890569679838	56.742909425561464	8.244336843078813
2005.9530000000054	20.701526676995094	19.719644103028553	57.3141143801959	7.644864845244999
2005.8620909090964	20.345000411517255	19.444706280824274	57.960239556087096	7.672892303370152
2005.7711818181874	17.819569576642074	17.10507338324949	52.92718589792104	6.221719825124461
2005.6802727272784	13.53159128088679	13.089301906576978	44.62640878173531	4.39261556127104
2005.5893636363694	9.497180196141734	9.291938810648494	34.43440634123838	2.796582749632441
2005.4984545454604	6.52363393029268	6.362810945117281	23.88017702705052	1.8295617749103963
2005.4075454545514	4.80471629648775	4.691115037367813	17.543696463493728	1.3291269598168478
2005.3166363636424	4.087334498063026	3.966809396431075	14.136248032922499	1.144217926537948
2005.2257272727334	3.487087965060626	3.3602275261030274	13.07361525684732	0.9441631979186411
2005.1348181818244	2.8384752337653127	2.7439194161228224	11.15903743914566	0.7463859038160254
2005.0439090909153	2.1787118658373643	2.12668145173948	8.813478095457393	0.53338308325111
2004.9530000000063	1.582575399450729	1.5834337141743002	6.038278425479295	0.37383106152204343
2004.8620909090973	1.1919674939974574	1.2024051083315457	4.648154452179295	0.28870522566426576
2004.7711818181883	0.9834920395839207	0.9989365647691523	3.883398856166128	0.24137380730647753
2004.6802727272793	0.9054255756898228	0.9139985720725228	3.760178611425395	0.2263447419969579
2004.5893636363703	0.92275508331528	0.9200577035358779	3.979227177655819	0.2127468935126754
2004.4984545454613	1.0113752518914363	0.9881691370708856	4.872446267550105	0.20126108393629058
2004.4075454545523	1.1546588263440272	1.0984179419139553	6.556228558043448	0.214592895613673
2004.3166363636433	1.3382758629552107	1.2528080004678077	8.71400850616095	0.23412030928288774
2004.2257272727343	1.5393797981220587	1.4182321234079678	11.75645044258414	0.26109113902661885
2004.1348181818253	1.7514425993079028	1.590521775248072	13.836361912558928	0.2709828703681503
2004.0439090909163	1.9096643695957234	1.7154423901556188	15.687944210129523	0.2707248933005783
2003.9530000000073	1.9618757468905614	1.762435210245612	18.78414594265169	0.27364093837221476
2003.8620909090982	1.9086634922811658	1.7440699278868077	19.84741027585322	0.24160644035915776
2003.7711818181892	1.7840688784697374	1.655849793481471	20.067472217220455	0.20176058016890536
2003.6802727272802	1.6150015460166993	1.5312135191963534	18.333564088717807	0.15256683824511105
2003.5893636363712	1.4217141649988738	1.370721878131666	19.840806234831632	0.13652258789429006
2003.4984545454622	1.2460799218223468	1.226889526854592	17.33326423812109	0.10528065999013934
2003.4075454545532	1.0904218510363959	1.1056883061966092	14.992184966413905	0.08102646254583071
2003.3166363636442	0.9535156144773018	0.9926895591234377	12.831816011693476	0.06437334296628903
2003.2257272727352	0.8473285176079881	0.9059946810333972	11.05510364782701	0.047551712116213216
2003.1348181818262	0.7589643417479744	0.8261278021238894	11.449023663142356	0.044163119061925916
2003.0439090909172	0.6846954274781993	0.7487484820786834	10.02767008060151	0.03203805656099921
