Time	Mean	Median	Upper	Lower
2009.0	122.0790623422659	28.330957974001123	1.0584318632115759E7	0.05651101753267614
2008.939393939394	123.12665125274562	28.19428966287962	8556813.671781572	0.06929952548494737
2008.878787878788	122.92878390425201	28.561555123454234	5835837.155633419	0.08371922238286889
2008.818181818182	124.12458798755976	29.30085813929194	4238914.426798964	0.10362868693412318
2008.757575757576	121.7727199962135	28.930097556716543	3255082.8287455067	0.10995013885441263
2008.69696969697	122.14901460598487	29.57018000448792	3045180.5454737293	0.12906387175375353
2008.636363636364	120.69580044911288	29.672829467905547	4003882.399514802	0.3091023235160302
2008.575757575758	118.49060391057118	29.941128681684162	2965266.4227828165	0.32652674936756776
2008.515151515152	114.3654578244994	29.830099388976613	1876960.5381564286	0.37334793742988587
2008.454545454546	111.60873487092796	30.123978290050903	815380.4837788185	0.4053527716898069
2008.39393939394	108.33586045648393	29.377306941779633	730654.0280048146	0.5265009741311371
2008.333333333334	104.74500555569153	29.35559218062467	631993.6435464638	0.6089037164628535
2008.272727272728	101.13515163287403	29.19029224936424	423202.8294169424	0.6725849526195735
2008.212121212122	94.54337418026495	28.887516830136406	303419.48406860646	0.8092032439758544
2008.151515151516	92.35691810282202	28.405798521432782	217256.26336838145	0.8807768557618291
2008.09090909091	86.64253694796436	27.188478700821513	180779.95734257437	0.9362399564082718
2008.030303030304	81.04751895735905	26.203830999685845	122258.02984829973	0.9850735193100834
2007.969696969698	72.95377436660614	24.93367694429009	75749.62349378972	0.872014948713774
2007.909090909092	65.09642316810331	23.425294033929354	61917.743550029336	1.1532229161403398
2007.848484848486	56.47035004609249	21.640050994186403	37305.888140726325	0.9942001241500027
2007.78787878788	48.215396265696214	19.678072318101602	22962.87103998781	1.1783705150166506
2007.7272727272739	40.807710258170374	17.594330557981763	16669.693396570146	0.9793285002201403
2007.6666666666679	34.062850172423815	15.637730555076345	10128.102755785443	1.0161815713328168
2007.6060606060619	28.106000244568083	13.903515960626603	5612.834266467852	0.7852368065157083
2007.5454545454559	22.362934527572882	12.167313099315603	2604.0874651590825	0.6387496148915051
2007.4848484848499	17.562011613550126	10.533804058762588	1649.9191664168554	0.6886587971032374
2007.4242424242439	13.76067547726359	9.096178479801985	729.249514840749	0.4570468739635248
2007.3636363636379	10.647970718729827	7.880242749106287	371.2971300012372	0.393743425306216
2007.3030303030318	8.50491970409286	6.854302286133469	212.11614105380806	0.4290591269719628
2007.2424242424258	7.295146048903671	6.323355261867928	127.66026704076813	0.44002316063250796
2007.1818181818198	6.7233495100617535	5.999516398918933	83.45071887119124	0.47363929002025246
2007.1212121212138	6.413264389531203	5.825512545919844	66.53108255860974	0.46508544610404484
2007.0606060606078	6.5481813953343835	5.840376521502188	68.02369340941863	0.5360070956370174
2007.0000000000018	7.107582555993179	6.148424654149053	71.0178254879887	0.6695104903545203
2006.9393939393958	7.47610008744594	6.49188024791718	78.8328376207673	0.686046232700959
2006.8787878787898	7.6808818038009505	6.62959135440603	91.39522174248961	0.7865132513142741
2006.8181818181838	7.91381242578641	6.821928148007256	93.04657528316758	0.7266879491409685
2006.7575757575778	7.986298651935388	6.820891999170547	102.58844276886721	0.7141735609499646
2006.6969696969718	8.047280428323424	6.9533994803908055	96.12777208249453	0.6439765628193322
2006.6363636363658	8.054610023327639	7.038433856743561	91.78574422470575	0.6887221539727796
2006.5757575757598	8.438860445986256	7.208556378644237	101.67023111113045	0.6862330310427066
2006.5151515151538	9.157416900265009	7.54259133674268	135.54465468811657	0.8432901338787957
2006.4545454545478	9.933134555886642	7.922747176099968	149.09767415178527	0.8268726632419958
2006.3939393939418	10.889893827041519	8.386283009802057	193.5765325745663	0.853104091086536
2006.3333333333358	12.328448115919407	8.943417530694186	387.7573619307233	1.132147688703045
2006.2727272727298	13.73389930515673	9.596997110875531	354.0649158307373	1.0627305313892794
2006.2121212121237	15.551524649907858	10.246877384403938	647.3492607563355	1.3533082472014502
2006.1515151515177	17.83454100448984	11.169911730834812	661.0841599154583	0.8583045461860006
2006.0909090909117	20.205958704951396	12.003674272874168	1256.8826758854823	1.4614183076744411
2006.0303030303057	22.72391860373628	12.923576640230465	1747.1794920006548	1.3801007883870544
2005.9696969696997	24.820149763232756	13.896288217329204	1907.4578654572374	1.1091326259833385
2005.9090909090937	26.148629128217998	14.628890688381226	2735.857611548694	1.2437949735433411
2005.8484848484877	26.696745538326383	15.114128491759054	3495.8734376348084	1.1816112679270492
2005.7878787878817	26.322095753566586	15.248814512495937	4213.134420512157	0.8111692320520085
2005.7272727272757	24.76006867605635	14.662794354667419	4875.230371492732	0.5551110495999373
2005.6666666666697	22.42342584294066	13.924501136403299	4437.129678616938	0.28817847997903484
2005.6060606060637	19.535477343515822	12.874487663502208	6655.3806926678335	0.2989005942870223
2005.5454545454577	16.58492512914297	11.43920891269718	4838.982892778908	0.14329360324280294
2005.4848484848517	13.812927557519517	10.075148264030068	3732.7771351001393	0.06719232555389712
2005.4242424242457	11.259767301294508	8.831143267241842	4689.06776597554	0.054271294627808775
2005.3636363636397	8.909729655381659	7.617820278131931	2488.196359276077	0.026209995063699955
2005.3030303030337	7.134187560796983	6.5376067194929135	3955.550035975729	0.025892760739150117
2005.2424242424277	5.8385940010239175	5.515821833768735	2084.257028878674	0.011092081055185485
2005.1818181818217	4.657865856725297	4.711477905784701	2077.0915134151774	0.00977190419686678
2005.1212121212156	3.7097039431226797	3.9754713874275214	1481.3771803936852	0.0049029141049176505
2005.0606060606096	3.0330655506028608	3.372547096994049	1447.9221650305856	0.005037704803718561
2005.0000000000036	2.463580214303033	2.9180046994180864	1201.9150265532153	0.0036996566455554897
2004.9393939393976	2.062426208554539	2.542334533917647	854.2288614611778	0.001776902951660849
2004.8787878787916	1.7419547417788595	2.2393654997868855	950.2578721942273	0.0019743607642861956
2004.8181818181856	1.4900445801780882	2.0323199699144814	660.0704565629356	0.0011368371086383662
2004.7575757575796	1.2941226571733373	1.8156207816163348	801.8934583817221	0.0011891763593753404
2004.6969696969736	1.1092145583964563	1.6497113643625512	504.4736666691671	7.620896723516825E-4
2004.6363636363676	0.9821491678684213	1.5427860908643705	519.99322665189	6.254463830504054E-4
2004.5757575757616	0.8520231220026355	1.4268301747326018	263.9743480876028	4.7834060062755795E-4
2004.5151515151556	0.7596797124666681	1.3566812945148667	307.3359611277684	5.094328141108548E-4
2004.4545454545496	0.6787151216915048	1.2770143432592511	268.63323011175294	3.1351536349969833E-4
2004.3939393939436	0.6288792297437286	1.226063991200915	323.6352081827246	2.3846919018235413E-4
2004.3333333333376	0.5788815100672844	1.1772332844780098	283.4785253017909	1.4789315751539161E-4
2004.2727272727316	0.5373495574756137	1.1399983378564569	290.16841822829815	1.022377600132377E-4
2004.2121212121256	0.5107124252546776	1.1124426990408607	324.9741163544508	7.975482995234542E-5
