Time	Mean	Median	Upper	Lower
2011.953	6.831735243410815	5.659205817114716	3535.4954301841362	0.027484180400438134
2011.862090909091	6.862124715571781	5.664755360282383	3020.8216738424453	0.030398739905922737
2011.771181818182	6.862498241327586	5.705922694357712	1989.3182288190806	0.03430414752828028
2011.680272727273	6.906103946498654	5.665603727412179	1989.2738616715988	0.04447793751541784
2011.589363636364	6.910106766653136	5.6717869430304075	1849.9138314856411	0.057308260647012846
2011.498454545455	6.862366057444961	5.660191928716984	1569.4561944450793	0.07058509304100345
2011.407545454546	6.873196195295452	5.623685204372059	1151.3339842146975	0.07504965723736087
2011.316636363637	6.881997980071605	5.594613099946312	966.1139907138527	0.09679020192264835
2011.225727272728	6.853466005094656	5.5450833528010675	741.8364290960328	0.11141764704467161
2011.134818181819	6.892169258628366	5.652064779980982	509.4197211222742	0.11909777089316655
2011.04390909091	6.89030483577638	5.49732878975291	426.61229459112394	0.17345025318274218
2010.9530000000009	6.933409839098032	5.488978499668734	371.1199871170727	0.22690526840996594
2010.8620909090919	6.772994004895462	5.413932928160298	307.0788394673307	0.2798695297051996
2010.7711818181829	6.550278427586198	5.287368701963501	220.25301509214646	0.27522455710251587
2010.6802727272739	6.271786400369987	5.102581830146432	206.22060814978963	0.3468215341825708
2010.5893636363649	5.881810666098795	4.787488906204519	145.91780836996372	0.3413133185290109
2010.4984545454558	5.440257765011919	4.499223760831862	122.65617646057422	0.3559316099273814
2010.4075454545468	4.918110392012645	4.163104644081071	89.44304729907688	0.3175974742987031
2010.3166363636378	4.485711525588527	3.8737922700740386	84.50323550847908	0.3491819989558428
2010.2257272727288	4.0642769388962545	3.5827680312247723	67.07863232136096	0.3091069668579042
2010.1348181818198	3.7447661056693753	3.3799029028228644	54.84219370257579	0.288058125942128
2010.0439090909108	3.4492829261395217	3.1906997065767624	46.85244916562791	0.2599791342650436
2009.9530000000018	3.2210885149297948	3.034521303506958	45.39241950317198	0.2622207781950599
2009.8620909090928	3.0764256930570664	2.979601568266486	42.12938420882398	0.2545292499278726
2009.7711818181838	3.00299304428206	2.939304127973378	44.14823322687502	0.2624614955496789
2009.6802727272748	3.0033867245934287	2.989170146495292	38.2037426644317	0.23363987652000057
2009.5893636363658	3.12515108132912	3.1172211914173724	34.886676303538245	0.23511612080442545
2009.4984545454568	3.316174341932683	3.3362516484953155	37.58973449108066	0.28977853943698006
2009.4075454545477	3.630040027428998	3.6772919719151647	34.49637034597069	0.32901289912943776
2009.3166363636387	4.086552033115788	4.110636391108843	36.94080408907733	0.43403791997778995
2009.2257272727297	4.757303392292281	4.7125419444784535	39.744739162739	0.651859311705102
2009.1348181818207	5.617822324397129	5.471884360340629	34.08798406731002	0.8958509046101145
2009.0439090909117	6.634582816513181	6.2787107831203475	31.06692924122981	1.5487149648098275
2008.9530000000027	6.720126233174759	6.468826547089687	25.610036698583873	1.7493740269625304
2008.8620909090937	7.650736151416588	7.390961268256192	29.674097226624934	2.1254187476932795
2008.7711818181847	9.719954340723724	9.221089889819055	41.652190329227	2.508826607234889
2008.6802727272757	12.488206063496769	11.478743981074704	65.56863565931462	2.957178256565759
2008.5893636363667	15.425793532726512	13.7965848963303	96.59056055937732	3.2511534997402185
2008.4984545454577	18.113579753356195	15.828957624830784	131.0760478271336	3.4993189256155515
2008.4075454545487	20.061946541542063	17.319677461150075	156.41434556561714	3.6107684415079806
2008.3166363636396	21.423291106496784	18.42075214051578	177.04494379099046	3.4969824324194727
2008.2257272727306	22.15967785031364	18.858490856527254	193.16216527108702	3.668061786867886
2008.1348181818216	22.788961898704695	19.325768953783246	189.22780985590475	3.841493575025245
2008.0439090909126	22.837651957253566	19.29139153578717	181.50456648053168	3.9606608180257425
2007.9530000000036	21.049012294874444	17.82991401900124	163.1088604655118	3.949745513965592
2007.8620909090946	18.053879329082456	15.47225329646753	131.95578421884665	3.4056533827737434
2007.7711818181856	14.952048575372636	13.109376972981021	103.12136382108591	3.1145520462652545
2007.6802727272766	12.436491564836807	11.286577045716172	66.61584877959827	2.6545255554394758
2007.5893636363676	10.191733158016659	9.635679822861405	46.369082501418795	2.3509850550547067
2007.4984545454586	8.385059759469268	8.25901805174015	35.43567604578252	2.053891076088171
2007.4075454545496	7.777981840886389	7.866730037118384	28.76211066423485	1.8778638420381
2007.3166363636406	8.566497901355948	8.692541693955864	33.038065149456116	2.066405070379906
2007.2257272727315	10.96406429184086	10.9709678015367	43.10873651245684	2.577443270022462
2007.1348181818225	15.26971947564956	14.846199529289876	63.38287677548151	3.9988931569184123
2007.0439090909135	24.421998694057617	22.580509872637343	98.20127669221992	7.077853480444321
2006.9530000000045	34.90345950873527	31.667922901825882	146.7742117725069	10.122440713134896
2006.8620909090955	41.10153173526907	36.579689664137426	192.88465151280377	11.226342013471251
2006.7711818181865	39.94919056452828	35.81711272084734	185.35709859928195	11.394872622918164
2006.6802727272775	34.79098143215696	31.87308305812057	153.60591048370958	10.52364771681205
2006.5893636363685	28.695262945113814	26.928970051813177	108.49010969931211	8.92691578475052
2006.4984545454595	23.85509194416671	23.002820811992464	82.44425550518554	7.50027729868727
2006.4075454545505	20.978713121582786	20.456366107670675	71.00625137903404	6.741542750662189
2006.3166363636415	19.685943213486464	19.22108402674828	61.226437271842364	6.348957878607942
2006.2257272727325	18.147262884240092	17.755103147689294	57.35795915041671	6.0595926993380935
2006.1348181818234	18.177105071721844	17.61405611319524	53.47871388350556	6.457212220058004
2006.0439090909144	18.47112895527721	17.661205243629098	53.48385666394877	6.957714960813994
2005.9530000000054	17.365445437523782	16.58583212197653	52.81686653117454	6.654174806152566
2005.8620909090964	17.67534013168629	16.70760390394348	54.7728093477791	6.431306895634088
2005.7711818181874	15.745500866500839	14.862594707567046	56.56079750178563	5.315363815436825
2005.6802727272784	11.78865851840279	11.217431930934973	47.070403498164445	3.432945574764445
2005.5893636363694	7.838900840437508	7.483426995436905	32.743232684987355	1.9038550199407815
2005.4984545454604	5.378269046829568	5.16105224734459	22.921774755969473	1.3044742251538928
2005.4075454545514	4.188903546465399	4.021708489156875	16.84118380449971	1.0990785209910998
2005.3166363636424	3.9748955866122047	3.7959439937210373	16.278415151176883	1.1246518309409754
2005.2257272727334	3.6549150891032864	3.436776927053015	16.301262464792853	0.8961113682578152
2005.1348181818244	3.0766479320712192	2.896500656003962	14.431750879768586	0.672600918012627
2005.0439090909153	2.2919410028162965	2.1938766099122877	11.255655588897294	0.4917166133287574
2004.9530000000063	1.5882083143729053	1.5490538376480936	7.277288654238513	0.3318011319446928
2004.8620909090973	1.1659084740706411	1.160524450930696	5.13246300299866	0.25351005359495377
2004.7711818181883	0.9651483614009612	0.9732750853886398	3.9608178745720837	0.21088658798487114
2004.6802727272793	0.8959255721091692	0.898429715409297	3.851788265666417	0.19511439655079554
2004.5893636363703	0.9207204480474718	0.9175566590790768	4.034965006617029	0.1792767563079372
2004.4984545454613	1.0276734783632244	0.9910016799651059	5.679171357270405	0.18834509752058026
2004.4075454545523	1.190649467326064	1.113472625220711	7.501690500555294	0.1910370425985355
2004.3166363636433	1.3956050855009523	1.2714352833264944	10.205212149954033	0.19110520587662655
2004.2257272727343	1.6209080651279646	1.4493685455933927	14.099565975100445	0.22816398189423612
2004.1348181818253	1.8443161113100015	1.6185306125847325	17.446363022555488	0.2385861130044549
2004.0439090909163	2.009925775799603	1.7527472690227888	20.418303574929045	0.24498808974358777
2003.9530000000073	2.061250580320897	1.8008968468887903	22.783968580471615	0.23449892495775038
2003.8620909090982	1.9812167547061212	1.757231915809407	27.23350393427596	0.22119196461020343
2003.7711818181892	1.8178972354375607	1.6475114599653318	25.934458171109085	0.1821255972007384
2003.6802727272802	1.5991275648217074	1.4878069016643964	21.825794662986773	0.12905086593752488
2003.5893636363712	1.3882309100982297	1.3303084844258228	20.356998406057127	0.09879833414316991
2003.4984545454622	1.1949533383869457	1.175703980737006	20.65272722206194	0.08706856502075848
2003.4075454545532	1.03598863560472	1.0494778370045887	15.990025519845485	0.05819598757513818
2003.3166363636442	0.890823731045761	0.9338436242593361	13.617308496515385	0.04856605192345995
2003.2257272727352	0.7759508333589964	0.8357678417575441	12.761192958506074	0.0384549799272325
2003.1348181818262	0.6855277336196928	0.7512674745228837	12.347010330129837	0.031863700265935234
2003.0439090909172	0.6152362352790492	0.6927600475495211	11.689783281385338	0.024559408536633097
