Time	Mean	Median	Upper	Lower
2011.953	0.6858795555563991	0.7757243362979442	44.60334055001098	0.007595481576914018
2011.8519898989898	0.6869346036501247	0.7688703217134774	40.51652494667653	0.009425551105701752
2011.7509797979797	0.6891948802360897	0.7680260154809224	40.689531369809934	0.011892158045540169
2011.6499696969695	0.6889668291391731	0.767697536660285	33.55642103224727	0.01273898923273116
2011.5489595959593	0.6904513175902574	0.763786313006132	26.485076741142947	0.012461254886546837
2011.4479494949492	0.6950988422036218	0.7613010128259561	26.35793375579516	0.01582015283431749
2011.346939393939	0.6954102516443522	0.7559374835502498	24.139683529826925	0.01886180760714652
2011.2459292929288	0.6952126652134563	0.7400326803765476	20.936132031261202	0.021583388674356847
2011.1449191919187	0.690877755943155	0.7261120613337169	18.060469061183436	0.024662974283207205
2011.0439090909085	0.692826838235082	0.7153391473728131	15.805052610169701	0.031044648880589786
2010.9428989898984	0.7080209658709422	0.7129289781014532	12.787254890435621	0.03640182777840121
2010.8418888888882	0.8084668640462075	0.800764214435713	12.459010357452858	0.05508989972302207
2010.740878787878	0.9506706788993475	0.9248801679571251	12.130256625160648	0.07913509412180933
2010.6398686868679	1.1370706115132592	1.077503610724212	11.917840701484375	0.11732253395343847
2010.5388585858577	1.3009192869896786	1.2258038627645096	11.93063709849522	0.15014751832277815
2010.4378484848476	1.4363438880703536	1.3595800192960257	12.430443506594127	0.16534082891904714
2010.3368383838374	1.5309033755464085	1.4678931141277531	13.811200652315092	0.18171490330360207
2010.2358282828272	1.601099148343402	1.5633595478455355	14.651874844757762	0.19341635942327237
2010.134818181817	1.6840140459671604	1.6730068669764762	15.39511732556818	0.19650857900640206
2010.033808080807	1.8093306173466914	1.8042275559556913	15.035093704014484	0.1913778592677049
2009.9327979797968	1.9898092935815495	2.016974963569564	16.81736559168919	0.2317624999838598
2009.8317878787866	2.247608805415463	2.2712837243293835	17.677490587666288	0.26978545745893656
2009.7307777777764	2.5799068914049115	2.5893636844789283	19.589877189564504	0.32769840463208
2009.6297676767663	3.0021340175670534	3.0272953268120797	20.98169392795149	0.3848614208783713
2009.5287575757561	3.5187690141948034	3.5260636902936056	24.174412999747805	0.5098477745475866
2009.427747474746	4.107300864897701	4.071329834093931	26.17166836495283	0.6392731675036879
2009.3267373737358	4.791995550556485	4.741638770238453	28.616802428405727	0.880005875642897
2009.2257272727256	5.545048426878617	5.443272859723958	27.654845834435427	1.1123335886763397
2009.1247171717155	6.364709188615967	6.186058055071452	26.79423039180303	1.52902419694189
2009.0237070707053	7.128570832772896	6.859007571762863	24.464319626952392	2.235631557924938
2008.9226969696952	7.459905327579607	7.272604771255012	23.099704868269708	2.603744724077255
2008.821686868685	8.574172615828253	8.359213659552196	25.655929772453092	2.9992840082992824
2008.7206767676748	10.192003823010285	9.861668572464968	31.625658972468386	3.3251116913597922
2008.6196666666647	11.859440177463803	11.317749150089808	41.3454246327678	3.691091562083895
2008.5186565656545	13.296106779200699	12.611658286871512	49.025625446608984	3.940479780862437
2008.4176464646443	14.51152294146484	13.715619483415479	55.657048443022795	4.062643691999608
2008.3166363636342	15.552815317625443	14.66943508163462	61.79738445637318	4.356192648031358
2008.215626262624	16.8979575397629	15.821117645754557	64.9321613151823	4.502273833941539
2008.1146161616139	18.748777420309803	17.395350166132058	73.3645300833112	5.313436805506778
2008.0136060606037	19.95753278756352	18.47854396683322	76.0007769167833	5.762198940664186
2007.9125959595935	20.12903079760173	18.672457132423446	76.50601414643472	6.05704575993753
2007.8115858585834	18.929303976432212	17.70993177013829	70.1228606259445	5.487639441416404
2007.7105757575732	16.90412703101788	16.063009529958507	59.60816087451248	5.1206130085313815
2007.609565656563	14.859642449925566	14.40724634523502	47.974748756393	4.720596715176212
2007.508555555553	13.429667538938144	13.281846388895962	39.786139749043585	4.404920848922085
2007.4075454545427	13.17814628891097	13.17818520004228	38.74102159126927	4.302834694755667
2007.3065353535326	13.674471007645305	13.68337236688247	44.094217481142174	4.4427871760577835
2007.2055252525224	15.35443137742933	15.140163939372687	47.753771200311604	4.933939307550909
2007.1045151515123	18.171997299908323	17.558352890984114	52.79500729737322	6.31583726391558
2007.003505050502	21.038892571261997	20.046153396445813	59.18546520874808	7.976167171455145
2006.902494949492	21.88327930663033	20.90661433209494	61.63687278236496	8.528410016636538
2006.8014848484818	20.958865529332712	20.240520307072977	57.04355020680639	7.999129860870341
2006.7004747474716	19.75920352593864	19.314056063755903	52.351510145829344	7.465846760657056
2006.5994646464615	19.252530468125116	19.05932082612886	51.03529260048068	7.405834104153381
2006.4984545454513	19.970529974743098	19.723659647912708	52.49879090275971	7.293465040097617
2006.3974444444411	21.784124239551286	21.487852705196612	58.72841801697779	7.64698099657707
2006.296434343431	24.59718300542344	23.905069858957276	70.93761915220252	9.050287859399141
2006.1954242424208	25.696802500929344	24.814261210974568	74.26031860367628	9.263420909899164
2006.0944141414107	27.890144526949086	26.528917560812477	79.51225476131891	10.720034770844062
2005.9934040404005	27.925972980954157	26.353417302765735	78.44130698551342	11.122028998421866
2005.8923939393903	24.195493861871533	22.963753261069435	65.9001806819772	9.965368306262988
2005.7913838383802	18.823704025519355	18.177703781972998	48.3106777606181	7.982975405092337
2005.69037373737	14.73540373594883	14.413551375028684	35.96535248632704	6.214212368675207
2005.5893636363598	11.980471615230378	11.799581166988037	30.232360292606188	4.793410593815554
2005.4883535353497	9.500771459116983	9.417167310459984	25.457705380267765	3.3360918186394923
2005.3873434343395	7.4124439111331855	7.360294008440886	21.28459946106814	2.503935258181469
2005.2863333333294	6.169760829610892	6.083483247471204	16.55218946291248	2.3017836336707034
2005.1853232323192	5.320838087391057	5.268561850442278	13.40013338168018	2.099571673453153
2005.084313131309	4.904832961178538	4.841253045237952	12.34164601482539	1.9006440821647186
2004.9833030302989	4.657128680878838	4.564802175246966	12.31735985286061	1.8163920016242212
2004.8822929292887	4.457862878022452	4.33620423362594	12.856550340566162	1.711297761526784
2004.7812828282786	4.1784732107237605	4.0664873901741165	12.7206834511747	1.3949815411452937
2004.6802727272684	3.679322303856565	3.6263948368857424	12.429377752055789	1.0919605511821906
2004.5792626262582	3.003065270162961	3.0153821207434857	11.075065325615624	0.7533664067699948
2004.478252525248	2.3250925581613493	2.3488652233384086	9.48507339803772	0.5602547213870226
2004.377242424238	1.821262587504685	1.8607596902397185	7.168111072556916	0.40819159340393674
2004.2762323232278	1.5505432307017966	1.5840094422048525	6.320031672136144	0.3753614981026174
2004.1752222222176	1.4815288989608058	1.501890347369547	5.826043935643945	0.3619802924206105
2004.0742121212074	1.5960059304213319	1.581732488129198	6.052625517156814	0.40525061841827403
2003.9732020201973	1.7461424077248482	1.6973170208579011	7.004946365695253	0.4281312293519152
2003.8721919191871	1.901447170039632	1.818411365866415	8.25836912605051	0.4380527179667779
2003.771181818177	2.0346946669361605	1.9186305378236632	10.243700498847396	0.4450010018657501
2003.6701717171668	2.114261026688688	1.9849106565031576	11.649228142392788	0.43529680148723865
2003.5691616161566	2.133126490391067	1.9960178967405013	13.666124775017373	0.41314304002705166
2003.4681515151465	2.076482733471689	1.9578214750452683	14.128046472943717	0.3410425920407503
2003.3671414141363	1.9760194646516085	1.8822864730625273	16.501027655507446	0.3272274656541152
2003.2661313131262	1.8267473433695849	1.766752911769067	14.359275491226438	0.23258080228929068
2003.165121212116	1.6628380624644985	1.6232721407135704	15.104846627160665	0.2053230102301001
2003.0641111111058	1.4938727754506274	1.4922283684103532	14.201939186753844	0.1722497482274055
2002.9631010100957	1.3313733499609297	1.3503828781171883	11.908604936314756	0.12022914131427834
2002.8620909090855	1.197141881088266	1.23500223457986	13.130829299795982	0.11783787764992874
2002.7610808080753	1.0754352396740163	1.1270161833632875	11.28030229696267	0.08776632129874343
2002.6600707070652	0.9796975977221141	1.0363057500642379	11.037754207248936	0.07252202417134565
2002.559060606055	0.9035987879784969	0.9694444574345941	10.778466523255108	0.06135496885292521
