Time	Mean	Median	Upper	Lower
2013.879	3.675079121288502	3.5564957838730344	18.634476894439764	0.7458323844847949
2013.757787878788	3.6614928954397192	3.5380295087935787	15.987042634190857	0.8353201091446993
2013.6365757575759	3.594234659233373	3.5075289669597622	14.625239410558875	0.886736212385823
2013.5153636363639	3.5558610850697114	3.4824434832307083	12.639850020494428	0.8860046886105234
2013.3941515151519	3.536940943494987	3.4764162793477023	12.391078867733295	0.9937737891841973
2013.2729393939399	3.5297205385459876	3.468820979856302	11.587944925552726	1.0383512518673514
2013.1517272727278	3.4810267521028444	3.452148600201386	10.636015135079418	1.0553965101849618
2013.0305151515158	3.3869156188351273	3.3793900864978443	10.019767255464465	1.099564683001945
2012.9093030303038	3.2948425909591275	3.316483039914117	9.094987515222947	1.120886661508551
2012.7880909090918	3.2859556670504464	3.3157451553800756	8.480597977845443	1.208235134184996
2012.6668787878798	3.2397345982233388	3.2839214195342845	8.030553145424026	1.255707046001287
2012.5456666666678	3.242987843760453	3.2911780159349444	7.673687739857638	1.2778541347376122
2012.4244545454558	3.2950639760791756	3.3429694756176627	7.901498403716284	1.3465979341871037
2012.3032424242438	3.4334103903211277	3.4763566942652444	8.139850088574482	1.404357653440681
2012.1820303030318	3.6248753146099975	3.6487376972044996	8.720917512416223	1.4819577704117863
2012.0608181818197	3.928820096258805	3.9012499694803355	9.494497891313332	1.673031185158175
2011.9396060606077	4.348087778501125	4.217858091196404	10.684126757665766	1.9187085958847947
2011.8183939393957	4.81828452842562	4.589030369825769	12.166386836167034	2.135903430495297
2011.6971818181837	5.202950758784185	4.897479181565064	13.575904992509273	2.2818046227050357
2011.5759696969717	5.524703294601915	5.16473423136813	15.057325692108448	2.40275675949816
2011.4547575757597	5.762034814148768	5.359902149286955	16.162888713979992	2.480752649871983
2011.3335454545477	5.927224952764745	5.519499108465356	16.380090711194793	2.6325516986860813
2011.2123333333357	5.902617299741445	5.53489500516323	14.957317977738215	2.61041138380504
2011.0911212121237	5.5242673654455885	5.264406325287362	13.00459207467587	2.5999197012009643
2010.9699090909116	5.2519940228569295	5.067337669077768	11.99419287058031	2.520822927202892
2010.8486969696996	5.164163650170186	4.981247403681394	12.384774297644316	2.492409911204469
2010.7274848484876	5.059285287862265	4.885986862407387	11.907176042372642	2.28962095178471
2010.6062727272756	4.9636127880252205	4.789368885394072	11.97463067074433	2.1613016088681283
2010.4850606060636	4.955609843835253	4.7752707691222085	12.917495839852421	2.1856794997231392
2010.3638484848516	5.032193552785821	4.813892752349417	13.4659436351319	2.1624440283710173
2010.2426363636396	5.194825278063222	4.9236199440821125	14.354213155392623	2.2363316936127524
2010.1214242424276	5.366326053811338	5.044065440817488	14.892536807800141	2.283753773256766
2010.0002121212156	5.35863179480978	5.027842721061792	15.354071003689016	2.278016084678611
2009.8790000000035	5.215856117836711	4.884516669297473	14.468496571725623	2.206324609862046
2009.7577878787915	4.976987266968491	4.7045668444153925	13.196678386246255	2.201778030753849
2009.6365757575795	4.672950902486985	4.469274505812386	11.53890809843159	2.1278185908560685
2009.5153636363675	4.397546234842761	4.236212945031644	10.460426618055482	2.0131880329117116
2009.3941515151555	4.230024039153834	4.089440305265354	9.939821371317304	2.043686167569811
2009.2729393939435	3.890228160870917	3.811735585567102	8.988840687769788	1.7594752422676656
2009.1517272727315	3.690165922553293	3.6375314658531277	8.005811967346817	1.673121242899426
2009.0305151515195	3.7903864079651943	3.714384297976795	8.112665529852306	1.907934584840515
2008.9093030303075	3.861992358003572	3.7448289344753634	8.464345298497847	1.9755682544368078
2008.7880909090954	3.785583549330926	3.658311841772928	8.506834284819393	1.9058338872523393
2008.6668787878834	3.6400743905332367	3.5299643749397447	8.023528571301336	1.7327522702387326
2008.5456666666714	3.4957568502913956	3.3920133898194216	7.996583061963123	1.64410917953152
2008.4244545454594	3.3902931445853723	3.2856621764158014	8.017590302707317	1.561479497341731
2008.3032424242474	3.2912273233412646	3.19166530496883	7.637722609125653	1.4813864029817843
2008.1820303030354	3.2000637204655114	3.095460303539636	7.364327965568176	1.4608441343225835
2008.0608181818234	3.018053981106402	2.9373992497904253	6.748344547874874	1.3653816102702976
2007.9396060606114	2.7392490567035988	2.7031880631036618	5.995323611609679	1.2879994694597634
2007.8183939393994	2.387956386866285	2.4167705049534005	4.995691600959536	1.0885279665571943
2007.6971818181873	2.0388304984265693	2.112847123354455	4.356359164322347	0.8401373937387068
2007.5759696969753	1.8017517526857405	1.8932132322924509	4.144922442621009	0.7143755795168107
2007.4547575757633	1.7008098268729135	1.7943885477838022	3.9280914578964796	0.6288818977916425
2007.3335454545513	1.6559970142704499	1.7578325033725064	3.963214886282453	0.5841842747508654
2007.2123333333393	1.6172833874247872	1.7291376924923967	4.125904561285856	0.5482143214500367
2007.0911212121273	1.5845560688315423	1.712933532791681	4.201284029915805	0.49390507348136703
2006.9699090909153	1.57639520676762	1.721271877498205	4.3532266501144035	0.47585323554113945
2006.8486969697033	1.6262763057064469	1.7769788876325334	4.372963079011632	0.4775335889837729
2006.7274848484913	1.7500401829091035	1.8963094352406218	4.695241870945186	0.5333406114469692
2006.6062727272792	1.9382346817283513	2.0665463431093483	4.963492469615805	0.5900818421137946
2006.4850606060672	2.1750429216788496	2.261512506012156	5.7405052369029175	0.705692015943394
2006.3638484848552	2.4338180704495063	2.457184946015298	6.619604766235987	0.8282156102350646
2006.2426363636432	2.700493735951346	2.6459345888560946	7.560611904512267	0.9693514211129645
2006.1214242424312	2.9629903412606495	2.832224517015424	8.558472402693425	1.1269769034763195
2006.0002121212192	3.205434886733337	3.0140804216830994	9.127480289487243	1.302180374445972
2005.8790000000072	3.3675782019849008	3.148578677244353	9.073243429888471	1.4300991784136032
2005.7577878787952	3.432711472228846	3.2112006913631213	8.952309680728012	1.5563635779301854
2005.6365757575832	3.3703340382984024	3.1790905154052638	8.183451699495192	1.5454656388035202
2005.5153636363711	3.2082903557581095	3.079015374281485	7.38141635053458	1.5228651709736034
2005.3941515151591	3.0166220477001695	2.952308629673421	6.6973443282208045	1.467217262998001
2005.2729393939471	2.906161566117234	2.873158847102306	6.03950284552601	1.4592392897817432
2005.1517272727351	2.950138985115709	2.912604421871221	5.853492050136765	1.5600140185197813
2005.030515151523	3.070162420820812	3.0058716153525205	6.180276412359351	1.587155829057415
2004.909303030311	3.2460618763712366	3.1192185086439235	7.193004773999391	1.5884968654223761
2004.788090909099	3.4245031755502446	3.236292150371014	8.467868182313806	1.6022842064770486
2004.666878787887	3.5416240208384435	3.291602109108483	9.30369210522819	1.5779140273861476
2004.545666666675	3.5803430385577792	3.307882377390912	9.914124412622947	1.5597581926776531
2004.424454545463	3.514811487343428	3.2509469614125215	9.985760269836659	1.4848345724316707
2004.303242424251	3.3315226239850406	3.0924225318101533	9.503341265325739	1.3719979652617604
2004.182030303039	3.0283072252411536	2.8521887559666466	8.182227958160638	1.2135601751058476
2004.060818181827	2.639252145526091	2.564736452062359	6.850393780447755	1.039465713149571
2003.939606060615	2.2460352743831646	2.261696301011067	5.778095466865963	0.8509922069491305
2003.818393939403	1.9012964067043414	1.9931595854081965	4.919005666744545	0.6284087190167663
2003.697181818191	1.6330692120057486	1.7649087974332378	4.548160781469803	0.4759048566025995
2003.575969696979	1.4412159639303526	1.5857421156403602	4.209972555465796	0.3706223726232787
2003.454757575767	1.3014145584484043	1.4508577438374792	4.163277962251554	0.31129231258826207
2003.333545454555	1.1993880324534842	1.3502081960231975	4.070031138365568	0.2589671402487942
2003.212333333343	1.1262483610470464	1.283343487489038	4.16147624077001	0.225751402644889
2003.091121212131	1.0649830708913164	1.2291203625636147	4.150936106326594	0.19154117455183534
2002.969909090919	1.0188843131745986	1.1854529999749437	4.212803135343744	0.16400686460469585
2002.848696969707	0.9852012207368626	1.1652593999323113	4.346263474483072	0.1414282369778754
