Time	Mean	Median	Upper	Lower
2013.879	4.156345816976681	4.16168763972861	13.272447763175382	1.1575040989784526
2013.7476868686867	4.1505889479102915	4.150535793458789	12.915146094664143	1.294029621188262
2013.6163737373736	4.128352709064052	4.138653621129063	11.840477945810484	1.3054135240366773
2013.4850606060604	4.1124220909220695	4.128448120913546	11.787931603582441	1.4009123657838942
2013.3537474747473	4.119826617573675	4.138078911537989	11.136222454244338	1.4410054031962989
2013.222434343434	4.141745727846291	4.15123019592232	10.888063934995667	1.5400463737379093
2013.091121212121	4.172350399861944	4.172143275067453	10.427830812342618	1.5846198252307064
2012.9598080808078	4.203335980312013	4.193043119489389	10.14420397937016	1.6761111444794317
2012.8284949494946	4.2445334499725345	4.228752054158523	10.063779186984302	1.7669699213537877
2012.6971818181814	4.3095964794393	4.270786374726528	9.945345909696584	1.8523129513875913
2012.5658686868683	4.3906043769766985	4.330185396784781	9.95048561624507	2.0019799450366538
2012.434555555555	4.43979729992779	4.379733756039003	9.574473719872163	2.061504932272599
2012.303242424242	4.454315528243711	4.395901078844424	9.759437866561822	2.1749495939575003
2012.1719292929288	4.505936869187245	4.4457614085677655	9.66161613252594	2.270307080504899
2012.0406161616156	4.642587487452498	4.554370602760202	9.604951287599171	2.4139300031727897
2011.9093030303025	4.838709884492133	4.703739312443462	9.845652627884625	2.584473102420829
2011.7779898989893	5.046983710642246	4.863540437031951	10.458086344627121	2.705087985483828
2011.6466767676761	5.21344979992806	4.9800299213933785	10.950580865721674	2.709894685697372
2011.515363636363	5.32849737345971	5.063974462791375	11.645838029734524	2.802889691328642
2011.3840505050498	5.408336837034405	5.110918890784731	11.696123396346852	2.768954270870106
2011.2527373737366	5.437136238713294	5.139177884587601	11.955495597040791	2.8530030043617325
2011.1214242424235	5.341504529957912	5.0802615956198025	11.108848829065451	2.8414428523187616
2010.9901111111103	5.017715518724243	4.849398845430313	9.814198920532966	2.79257746295691
2010.8587979797971	4.839269223732214	4.709799113292091	9.19285728424687	2.715694116574471
2010.727484848484	4.68503224935258	4.588064047804703	8.7836155049435	2.599887800027278
2010.5961717171708	4.532099821764221	4.454885744119691	8.577897929791511	2.524703147685523
2010.4648585858577	4.431337848821677	4.372215495108798	8.585683229676295	2.440998694544951
2010.3335454545445	4.4006263022480585	4.341995721181567	8.513297751425858	2.362583966913853
2010.2022323232313	4.452933938939084	4.354163815678024	8.848169999310672	2.401514063687023
2010.0709191919182	4.540814313303151	4.394958608937173	9.095629821056411	2.40276833592735
2009.939606060605	4.574706596379967	4.394265172420109	9.347323912438501	2.3909012965844663
2009.8082929292918	4.5509569894856	4.363136169145203	9.439273559799782	2.400738001050115
2009.6769797979787	4.495933856715869	4.313017748330585	9.216127351371439	2.426687327815996
2009.5456666666655	4.384713914936512	4.227763326205565	8.763216586338215	2.3885038868613284
2009.4143535353523	4.191308154280876	4.0832193430073005	7.94298172131449	2.300864340217574
2009.2830404040392	3.9050444199680765	3.873392048540772	7.110144201574148	2.135374869976606
2009.151727272726	3.718203567035008	3.7336272299687625	6.736795346550941	2.0520509648952805
2009.0204141414129	3.6743985500711833	3.682081641156462	6.733209083223474	2.083215369853099
2008.8891010100997	3.641479404651628	3.641745277730999	6.457135092484579	2.0359929401704338
2008.7577878787865	3.544718510480091	3.559601752221805	6.2262547488675715	1.9433609700918602
2008.6264747474734	3.426661078432354	3.4599667749073753	6.0379694837073075	1.8848620176901552
2008.4951616161602	3.333729436009969	3.3793857126396314	5.91655243486138	1.836151736353542
2008.363848484847	3.2847282899057433	3.328986666377701	5.6915953429981	1.7587872892016918
2008.2325353535339	3.262569229100362	3.29960718293887	5.776704810200495	1.7913079281760889
2008.1012222222207	3.2154340300356807	3.2510842600086804	5.590343267188375	1.7349895344343647
2007.9699090909075	3.1022962527491247	3.158817094299253	5.500552393837914	1.6748900762734191
2007.8385959595944	2.9057465441491526	2.9950316071149814	5.203833873585827	1.502439207739473
2007.7072828282812	2.7542823920607766	2.8688602992577925	5.0846096289909415	1.3465892029675128
2007.575969696968	2.686262933943355	2.817525928698178	5.108611637158592	1.2678528519263648
2007.444656565655	2.6390598206028235	2.787917465718845	5.082503587419524	1.1904750421798442
2007.3133434343417	2.6048288879323396	2.7825798002651565	5.06219233580898	1.1059314999586898
2007.1820303030286	2.5899789409212604	2.7850037816010365	5.106543127114286	1.0624262464036387
2007.0507171717154	2.606860863648359	2.813575630990191	5.2383361177590695	1.0509078346782161
2006.9194040404022	2.6667957045617587	2.8689933239633683	5.390060635554612	1.089554825275666
2006.788090909089	2.76599780272973	2.961185688273835	5.5125186289783485	1.1577734700473739
2006.656777777776	2.8935446422990503	3.06647144597728	5.770971992286877	1.2343743109188445
2006.5254646464628	3.0367548414060006	3.1858756229313503	5.939807958022747	1.3064673767569617
2006.3941515151496	3.198658944478999	3.3008528710543152	6.287022232001001	1.4326507992396629
2006.2628383838364	3.3753022564093973	3.4281790238619214	6.740140382849338	1.569309604517592
2006.1315252525233	3.553857975142755	3.561138255700212	6.912800033349132	1.6855352326063886
2006.00021212121	3.7437716572655195	3.6990136147717525	7.334118913348645	1.8672368180212984
2005.868898989897	3.8962009672177547	3.81683997530531	7.719110464851481	2.0271443625803607
2005.7375858585838	4.000274239750743	3.9039350258383516	7.711081199381501	2.1318049223239726
2005.6062727272706	4.035502975387443	3.9501077965104208	7.481621781317982	2.202991922692406
2005.4749595959574	4.019634119886399	3.9600759173960007	7.306279081353703	2.307858498723069
2005.3436464646443	3.9998551619642084	3.966255415920841	7.063941134379643	2.3468565231017777
2005.2123333333311	4.002041028478115	3.9799037833185373	6.916745672274718	2.3504938090459815
2005.081020202018	4.048038732630356	4.026858043592935	6.971055629112876	2.370476460910037
2004.9497070707048	4.232259029880782	4.1631544168299115	7.644304388123383	2.5275096521269327
2004.8183939393916	4.492663015576143	4.355614333999885	8.38294519800391	2.5115876499484853
2004.6870808080785	4.709132623120991	4.489063795628218	9.591434930636996	2.635351160767771
2004.5557676767653	4.841936844415645	4.562150793845966	10.30954238087309	2.6151885356222313
2004.4244545454521	4.883572077867172	4.594163561178256	10.497563340341925	2.553866669026951
2004.293141414139	4.8337700323807145	4.55998796770375	10.526914023988606	2.5699621288549817
2004.1618282828258	4.691117667743362	4.470640820939258	9.736848670137674	2.4854258834059477
2004.0305151515126	4.481273727384041	4.33182918750181	9.078533860584232	2.4201653833770966
2003.8992020201995	4.253156482436646	4.167300873935225	8.224131102787549	2.229108345702854
2003.7678888888863	4.0595074781461555	4.0218334101656765	7.91215058889776	2.125302734021293
2003.6365757575732	3.912845606086362	3.909859340795901	7.577903130150611	1.9649641559377509
2003.50526262626	3.816634225636248	3.837143808623149	7.595566336860318	1.9312408977791207
2003.3739494949468	3.7458061468304313	3.7801095872342483	7.5021933635301705	1.794543788825173
2003.2426363636337	3.689100711021719	3.732199672547168	7.5321665029581775	1.737692175341378
2003.1113232323205	3.6325471145216404	3.6842066685124517	7.66123550245483	1.6644918754413656
2002.9800101010073	3.5713761325746303	3.6355313641167353	7.5481223941165165	1.5427304306570748
2002.8486969696942	3.5029489351963328	3.5847362727195042	7.6832169679448	1.4493233933686622
2002.717383838381	3.4305895987790285	3.530590373614629	7.881628357852781	1.3730979225229918
2002.5860707070678	3.3478187469739025	3.471940714820384	8.085812617590715	1.30524704123326
2002.4547575757547	3.2648236126174552	3.4123471048149856	7.881227725493738	1.1543555120811315
2002.3234444444415	3.183133863070088	3.3624342120200312	7.998234118264183	1.0701361835771672
2002.1921313131284	3.0994551889016573	3.306238577944433	8.15415401158855	0.9976165542661745
2002.0608181818152	3.0168393388918484	3.2514122154677696	8.208707113991661	0.9234146530000006
2001.929505050502	2.9364434635312278	3.2013083951772536	8.287438487902582	0.8514368143603002
2001.7981919191889	2.864525435838718	3.154700488266783	8.526336841431583	0.7979220836391652
2001.6668787878757	2.7917277959894644	3.104206707433863	8.264849741886124	0.720387468134608
2001.5355656565625	2.7301666482645333	3.0639719910556096	8.30391664535713	0.6600985924898931
2001.4042525252494	2.6722976199358586	3.031719716296524	8.18373614427384	0.5963618875255798
2001.2729393939362	2.62285490488085	2.9916002568016866	8.689700534355941	0.5956874845408411
2001.141626262623	2.578319754718099	2.9606260805711955	8.653487612459175	0.5423766092318328
2001.0103131313099	2.5380415674905255	2.9407507560126325	8.846034900434642	0.5073189133217307
2000.8789999999967	2.5053634324252307	2.915442082847221	8.976906407059401	0.47093444924823913
2000.8789999999967	2.5053634324252307	2.915442082847221	8.976906407059401	0.47093444924823913
