Time	Mean	Median	Upper	Lower
2013.879	3.251685207688293	3.1680026951714115	10.001567206781953	1.026443310895958
2013.757787878788	3.2440585661975954	3.1644912053878778	9.612594180184285	1.119972180375976
2013.6365757575759	3.227105703078296	3.155019563185223	8.96251160789818	1.1683017486249292
2013.5153636363639	3.2126035624378244	3.1453237417402695	8.57464121657469	1.213963222509993
2013.3941515151519	3.2147259901006984	3.1502247603924314	8.144974471301953	1.2358344106085042
2013.2729393939399	3.2096388116010006	3.151117200302846	7.846224394441858	1.287891109844831
2013.1517272727278	3.194022702843069	3.1430581466828444	7.689227204444213	1.3516293053476067
2013.0305151515158	3.161492273240205	3.122761321818208	7.231632717467473	1.3364838375347083
2012.9093030303038	3.130785661778709	3.1065776748483582	7.031218447797713	1.3975222668236533
2012.7880909090918	3.1239472257768024	3.106611772472921	6.723941950126739	1.4343109482869665
2012.6668787878798	3.098025602355259	3.0909805924070684	6.571646398690863	1.4698049975695202
2012.5456666666678	3.0855280990900065	3.0926054678947406	6.345663809313233	1.4693283516279743
2012.4244545454558	3.106704956414816	3.1090875890161778	6.407079348169805	1.516044657217693
2012.3032424242438	3.1698695127779244	3.1560897534366035	6.376914654546254	1.548364215136588
2012.1820303030318	3.2462495399079936	3.221598704213133	6.744946141721095	1.6517127418368387
2012.0608181818197	3.3382583324446573	3.2927985107764544	6.87189624665563	1.698616136196569
2011.9396060606077	3.45252009935729	3.376077350558575	7.209052284466261	1.8028245109720558
2011.8183939393957	3.5734573825397775	3.4704728397418054	7.369616139170057	1.8335308218383233
2011.6971818181837	3.67134597170774	3.5395454254636873	7.805122781283378	1.9019949071259286
2011.5759696969717	3.74605829271956	3.587490364157726	7.765489707262901	1.8700076849363323
2011.4547575757597	3.7790859328495565	3.6113869636917157	7.926144915529899	1.89030690259601
2011.3335454545477	3.7915687810318293	3.6218574248221214	8.160899393518935	1.9495391320680922
2011.2123333333357	3.7821948750973693	3.632155026918195	8.199640329517827	2.0015247048453517
2011.0911212121237	3.7320790906215873	3.6012698724893895	7.677730143330981	1.9619407954289025
2010.9699090909116	3.6958623478147445	3.5760952415179688	7.3818988688075375	1.9268859951479769
2010.8486969696996	3.688525365946752	3.5713581253771776	7.480370786215308	1.9172429311172596
2010.7274848484876	3.6744031287638252	3.556101659150382	7.855741913652473	1.9587157430634208
2010.6062727272756	3.664775115026366	3.5387956565934893	7.696671508273112	1.8924304824228577
2010.4850606060636	3.6502769870775826	3.531808784312011	7.725206816947795	1.8848913260032591
2010.3638484848516	3.656721821569941	3.5236821073767612	7.858757780380514	1.8949292709100494
2010.2426363636396	3.684508960231549	3.5456270189340953	8.040684019773408	1.9035285746872868
2010.1214242424276	3.709750593520206	3.5563068674578266	7.839479068904678	1.841849105584136
2010.0002121212156	3.71867994914999	3.5596412058960376	8.085160433866942	1.8956003391414362
2009.8790000000035	3.702064537616216	3.539487509017852	7.992640421970775	1.8770458823144713
2009.7577878787915	3.6817895601141695	3.530950794503412	7.991497925534022	1.916090755376515
2009.6365757575795	3.63564053060808	3.4884680829288905	7.643862935041417	1.8600954639002232
2009.5153636363675	3.5200133300514267	3.406956229690653	7.243521632501206	1.810554704312505
2009.3941515151555	3.445320344445145	3.3546763165834386	6.956312993273655	1.770760385457977
2009.2729393939435	3.4087012820751	3.316662518884364	7.148991777998264	1.7901709392318288
2009.1517272727315	3.3841696493439306	3.2913771287558165	7.216885217183929	1.7810586743024301
2009.0305151515195	3.4078768478020818	3.3057470009779073	7.259030926798445	1.7904039507067622
2008.9093030303075	3.4548987413724586	3.3268613674384406	7.416263345380561	1.8016927289898281
2008.7880909090954	3.461323338522046	3.313288497998936	7.512222360691903	1.7783742552754733
2008.6668787878834	3.417785028662406	3.2728491660103503	7.450699292153368	1.7199240884057516
2008.5456666666714	3.33822768776908	3.209223386992096	7.306099101563777	1.6591871433436294
2008.4244545454594	3.229067707188906	3.1274847038873057	6.847235407114311	1.5554008476457057
2008.3032424242474	3.1052864356699525	3.0287056697431147	6.77235230361783	1.5128710023739742
2008.1820303030354	2.9758543483191264	2.93591238520486	6.479758452044088	1.4452032113261193
2008.0608181818234	2.846638136561512	2.8355013332327506	6.150070137046612	1.3512632681698884
2007.9396060606114	2.725484911798899	2.7545366256976935	5.787363831405825	1.2707834785738383
2007.8183939393994	2.6128558108272486	2.66652584233322	5.468775460956233	1.1727002750214484
2007.6971818181873	2.4939599989136334	2.578240712546887	5.248315896861113	1.0770139516813342
2007.5759696969753	2.4049544123263935	2.5182703158018636	5.136009715250514	0.9938348280299742
2007.4547575757633	2.346419709714897	2.480311616868066	4.994877018933722	0.9078848930377741
2007.3335454545513	2.3112595548880384	2.454758126135057	4.987724165440714	0.8701414580638428
2007.2123333333393	2.294987153854236	2.4466766462169436	5.088056881469923	0.8639664570148199
2007.0911212121273	2.295180619466285	2.444931385597405	5.185756934271716	0.8748723890027807
2006.9699090909153	2.3168031960125393	2.448675419904884	5.2920476122399975	0.9045624098057716
2006.8486969697033	2.357097214085297	2.4689784399070858	5.303886305062656	0.9389057011576345
2006.7274848484913	2.4061704661741032	2.494067775469256	5.385059046452128	0.9866435292971178
2006.6062727272792	2.464414134856284	2.5203882744692128	5.502046143410029	1.0353031794193277
2006.4850606060672	2.5260747319157475	2.552074227857277	5.513671544993844	1.0828911282941387
2006.3638484848552	2.5927458286052185	2.590311429313256	5.614098368833316	1.1410934726599966
2006.2426363636432	2.6565729312289768	2.618343522771945	5.737913505185675	1.2319772358147938
2006.1214242424312	2.713931826250443	2.6498062290948727	5.76703937985719	1.3030077867049172
2006.0002121212192	2.761482559471688	2.6790541124751748	5.716926660022612	1.365994353379011
2005.8790000000072	2.784065029777998	2.6931494365073823	5.62051113532665	1.4010635314816964
2005.7577878787952	2.7591791854329326	2.675197080104586	5.474345244136329	1.420405555846917
2005.6365757575832	2.693016264089503	2.633023566925297	5.301520352561299	1.445704940753485
2005.5153636363711	2.6045787026037956	2.5703559662701787	4.894565634393077	1.3965814799118488
2005.3941515151591	2.5087719022782595	2.4995211190775635	4.614208903984091	1.3638444258761384
2005.2729393939471	2.44314404338875	2.448368094581751	4.301769640695822	1.3502308776322467
2005.1517272727351	2.426557738462765	2.427763220720894	4.145022812147286	1.3527819328516613
2005.030515151523	2.437961465342416	2.4338162230895293	4.324084274676787	1.4004680784094654
2004.909303030311	2.4665391406159842	2.4499724397406935	4.447987615331984	1.3752242714743534
2004.788090909099	2.501686307013279	2.46959607595738	4.622636179657464	1.3401359813478468
2004.666878787887	2.5205076848399712	2.4738945791714806	4.83410864056539	1.318540077879059
2004.545666666675	2.518656992956594	2.4627405858481985	5.040137794239845	1.2917579991022414
2004.424454545463	2.4834371358822187	2.42546475360241	5.063402099306423	1.2337647784088208
2004.303242424251	2.4086089786988056	2.3737778132890752	4.897155503738892	1.1799261964913852
2004.182030303039	2.30428224148248	2.290117706946567	4.689529611175186	1.1203993829332821
2004.060818181827	2.185523660535635	2.1960156246017237	4.3629121102517345	1.0472854187825247
2003.939606060615	2.063264671488396	2.106868865861031	4.131565139453394	0.9449110423032923
2003.818393939403	1.9536409907191312	2.0304284634706184	4.1876524768916115	0.8670726379522538
2003.697181818191	1.848715828112429	1.9595952137007306	4.035205720916021	0.7318085635579176
2003.575969696979	1.7573650690520766	1.8919028810522154	4.024132323148017	0.6253270042831315
2003.454757575767	1.6808159100801712	1.834334775264907	3.9636117865690705	0.5527574601170249
2003.333545454555	1.6181341937126277	1.7953879491266824	4.154137740880597	0.5121547679990027
2003.212333333343	1.5655399160026158	1.763061129004686	3.942056875507	0.4376082368103458
2003.091121212131	1.5220209223765804	1.732217176726794	4.187849478016594	0.4169902906777323
2002.969909090919	1.4909255936938905	1.7174748992176911	4.10573219745505	0.3771812186938119
2002.848696969707	1.4657149396225628	1.700174320418637	4.097094595396485	0.3418623419792411
2002.727484848495	1.4472293670618464	1.688781090041153	4.214404246577668	0.31893923578531996
