Time	Mean	Median	Upper	Lower
2016.139	13.79772798643444	12.91657788706399	118.03491352416353	1.9093005930215028
2015.9369797979798	13.76535082479386	12.990792678279508	94.27642931211369	2.3772947633205863
2015.7349595959597	13.546305854124935	12.757941477177473	71.51271800868443	2.955995216207911
2015.5329393939396	12.988628552366213	12.256158568085047	51.83500552576699	3.4606757096364915
2015.3309191919195	11.308130223186218	10.858574286742407	35.553213341414995	3.709155967285679
2015.1288989898994	8.841416826722778	8.591406704229005	23.511782347849046	3.806091296121209
2014.9268787878793	6.481472672643072	6.419036747884529	13.779931065104053	3.1502883202015117
2014.7248585858592	7.097821442154775	7.044102755589862	15.036873408636502	3.428652521115202
2014.5228383838391	7.583639183989474	7.470257280185922	16.73589383184078	3.4974032069416516
2014.320818181819	7.3639040822875055	7.278398506963668	16.43542749630528	3.393176617973292
2014.118797979799	6.0792493469456526	6.053391867790592	13.965626480520074	2.639861478306135
2013.9167777777789	6.493178189194792	6.476862177976684	15.034220314594648	2.745555318984332
2013.7147575757588	8.08290121332153	7.977989589381472	19.384432562767973	3.3409753180029673
2013.5127373737387	9.63353942216683	9.488880361590633	24.681550936577604	3.8489248228381934
2013.3107171717186	11.65178032831984	11.454513065275684	31.550426550223953	4.542851154451237
2013.1086969696985	13.857678085623794	13.559862878265129	36.79542947518637	5.384848600440555
2012.9066767676784	14.082958366040257	13.759032475883473	36.93058705791981	5.32516977541521
2012.7046565656583	14.419186470164888	14.312612762695505	37.07973303592974	5.570383241820213
2012.5026363636382	16.7116091323973	16.559680783971334	42.00913343212287	6.7190877535573295
2012.300616161618	22.46795437887645	22.03415017632491	59.45677908608631	9.401297977649513
2012.098595959598	28.27269162302662	27.56284656471776	74.18530151276316	11.252149981599672
2011.896575757578	33.95740171117489	32.86247799008689	87.0513504717075	13.03285610734723
2011.6945555555578	39.03364143176728	37.72651458214945	108.15543906936492	15.632225692654004
2011.4925353535377	44.42241885238642	42.85332402975472	126.3415400246874	16.78584943962578
2011.2905151515176	48.57560584785639	46.591201886473954	137.62040743585123	19.240535008957888
2011.0884949494975	45.32057338241086	43.299364952097655	125.90081181361916	17.737214397247232
2010.8864747474775	35.29243396729996	34.31661962482661	93.60571691698907	14.172890237580214
2010.6844545454574	25.960289426650576	25.448189765617986	63.84870707313404	10.596018156573734
2010.4824343434373	19.285537561210162	19.157324435297685	45.65056119274455	8.116211262409568
2010.2804141414172	16.82957472053283	16.733961860220774	40.55671428912073	7.415289704126279
2010.078393939397	16.663349205529865	16.564202675215686	40.31416506478219	7.249973842000635
2009.876373737377	16.648006957857486	16.453214710721028	38.64435021414168	7.091503246016361
2009.6743535353569	16.57832477184778	16.36841956913412	35.95417979801613	7.703863805551209
2009.4723333333368	14.033765354746189	13.900041646638885	30.72092994530769	6.51297369901022
2009.2703131313167	10.551821532285773	10.596319045981028	24.514512528850922	4.772570614781223
2009.0682929292966	10.110082460922424	10.116368917632116	20.996311381341066	4.832375133302579
2008.8662727272765	12.907633788911152	12.806461067170105	25.583687806059363	6.4548944513794
2008.6642525252564	17.530585063142965	17.128369227542418	38.8633485544296	8.257459268411445
2008.4622323232363	23.172236393880883	22.481061075362224	54.00707492115231	10.217214988519329
2008.2602121212162	25.401336392240502	24.51745162311899	60.39777887227438	11.21696102410043
2008.0581919191961	22.892387859095034	22.271527626610133	50.41193174365571	10.455580236366261
2007.856171717176	16.989925265034106	16.81127461696697	34.855779182714215	7.98319885016899
2007.654151515156	14.374057398745022	14.442807370175196	29.791076112164898	6.678399808413087
2007.4521313131359	15.893032357014722	15.998836489015	34.8442366852817	7.314681521694077
2007.2501111111158	23.639550363212106	23.407590662392654	51.264770661584976	10.60367028378829
2007.0480909090957	35.91409399055777	34.96930512725094	79.44481104159682	16.777189349667406
2006.8460707070756	45.87902218441014	44.738379830100534	105.24047081836135	21.258368292463196
2006.6440505050555	48.471845377589375	47.195864948134144	110.18753996560235	22.76877239676692
2006.4420303030354	46.93873288989961	46.07519560121527	99.83421573466241	23.429869986520956
2006.2400101010153	41.46133863409078	40.890370862748725	82.79930913368906	21.553817766995934
2006.0379898989952	37.44262947289083	36.81186641822657	73.30037143384993	20.29252047335628
2005.835969696975	33.369639550640606	32.735571755441704	65.02703078622898	18.126244377825998
2005.633949494955	23.538870573655487	23.29310065800202	46.11098830430682	12.440269416387965
2005.431929292935	18.29825783075933	18.391979304069633	35.83311363447824	9.329176428314172
2005.2299090909148	20.587803470096244	20.410476875931952	40.69287713583187	10.385958801176823
2005.0278888888947	23.964825242289646	23.622221950963937	46.79041823322009	12.38135513348736
2004.8258686868746	25.332979682525316	24.990100249871436	51.97474330236385	13.218897039632447
2004.6238484848545	28.517079116310903	27.945266792733946	58.87574110185516	13.785679821296412
2004.4218282828344	32.50289336695145	31.715953173144726	72.62933596981664	15.685182381583243
2004.2198080808143	35.434275887292785	34.729551669975265	79.40854919273818	18.04380353364854
2004.0177878787943	34.301091307171056	33.5479498304336	69.30315652400866	17.83152010662004
2003.8157676767742	29.21017814314324	29.04354571960529	56.273400398744954	14.8661034775763
2003.613747474754	28.084877918339064	28.157743400345634	53.56683281831589	13.77950195288108
2003.411727272734	33.59261240757812	33.39386693713668	66.43933843858262	17.172919592812523
2003.2097070707139	43.54142561067006	42.75310131949455	87.18315281011401	23.36377164409954
2003.0076868686938	46.641685905974335	45.731905194375315	91.59643158220155	25.297511554739557
2002.8056666666737	39.781713314122364	39.148896164674866	76.51705000419241	21.266309238062373
2002.6036464646536	33.332018984080555	33.06118577986939	62.48007878267846	16.86786963852089
2002.4016262626335	28.645574280860206	28.508089308171012	53.366918652143305	15.028574052723139
2002.1996060606134	27.088385641291637	26.804707647504287	52.866663136007084	14.513506757955383
2001.9975858585933	24.640423157192107	24.342540954148227	47.50354421973854	12.740593776106587
2001.7955656565732	21.389437500256122	21.172468300847456	41.86591891430659	11.129454633935447
2001.5935454545531	20.477094520550036	20.319482054230185	41.53732410121737	9.726357774321992
2001.391525252533	20.222644927668846	19.935888323380006	41.605018441792026	9.970593575638986
2001.189505050513	20.999828047738728	20.5071937588284	43.63356114495221	10.059332965589197
2000.9874848484928	18.29887480978115	17.913180541601847	39.6460623487013	8.802296486730835
2000.7854646464727	13.671538500571472	13.426461970440394	29.105576907167546	6.869486958118242
2000.5834444444527	10.28008013721212	10.180464453394862	21.997724438425944	4.660910159030116
2000.3814242424326	7.045306791569894	7.003676303102404	16.027857372651166	2.9788023619131927
2000.1794040404125	4.8974879042783	4.869028228560511	11.28928121005759	2.12115991994559
1999.9773838383924	3.5447088640843947	3.537188199241078	7.981034062933597	1.4992559332684072
1999.7753636363723	2.61908447384243	2.631285681442359	6.53634422122703	1.0155851073556292
1999.5733434343522	2.030378184050174	2.0601724754075468	5.2393275860213695	0.7255401967036335
1999.371323232332	1.8470897307875958	1.868682752828396	5.142041615656286	0.6261834724914285
1999.169303030312	1.9018362643724915	1.9260866503167628	5.71564869654207	0.6076450885355015
1998.967282828292	2.1806902895661846	2.182174500436245	7.195325005178973	0.6430414279280433
1998.7652626262718	2.6008204251518694	2.5747865979150153	9.172470371050112	0.7072586712604465
1998.5632424242517	3.1893422811545142	3.1445317237399437	11.544411051475	0.841771823446297
1998.3612222222316	3.8828196278571854	3.7837077181936474	14.842644339042405	1.0549030553541288
1998.1592020202115	4.6245741670875145	4.449773559458514	17.737214406030304	1.3164580015488525
1997.9571818181914	5.320379757847722	5.087962026171445	19.85842061013284	1.6478260031858063
1997.7551616161713	5.780221719546629	5.507629428667416	19.024036396470297	1.8834201883980546
1997.5531414141512	6.056204626444533	5.795569370257703	19.258397622995723	2.137453719344675
1997.3511212121311	5.879314522943921	5.646300490824369	17.510346147102485	2.078025053383766
1997.149101010111	5.178874435192713	4.984824856048502	15.478525398847237	1.8822225989111738
1996.947080808091	3.901612369120111	3.814387556270039	11.050509783689662	1.4068159390368633
1996.7450606060709	2.7352886416816586	2.713386059846958	7.738510243282828	0.9991421491278435
1996.5430404040508	1.9674401089855165	1.9699128880131174	5.5929657701128175	0.6805674738611335
1996.3410202020307	1.4771893014427016	1.4937116192971465	4.490037283029789	0.45561567389644875
1996.1390000000106	1.1536992499114826	1.1654605849469297	3.949084710533876	0.3199432336832851
1996.1390000000106	1.1536992499114826	1.1654605849469297	3.949084710533876	0.3199432336832851
1995.9369797979905	1.1536992499114826	1.1654605849469297	3.949084710533876	0.3199432336832851
