Time	Mean	Median	Upper	Lower
2012.505	5.422871102336534	3.9894176681757694	104.06352808447122	0.6886083350466194
2012.40398989899	5.41624980667303	4.008812596051128	101.25341982466598	0.7619365446392519
2012.3029797979798	5.421628393334044	4.041778788205527	90.35701450782045	0.7800720687478537
2012.2019696969696	5.436303663199917	4.044126127085507	74.65229510411615	0.7255957210076376
2012.1009595959595	5.43614201535726	4.081135798016593	77.81429977643488	0.8679303827752973
2011.9999494949493	5.423392853845863	4.09631624807337	66.28890513009188	0.844714490602861
2011.8989393939391	5.409486894110827	4.103551036746183	60.07348198991504	0.9062855564345409
2011.797929292929	5.3987321851289956	4.125347441606064	60.51362443317872	1.0224046084074543
2011.6969191919188	5.363682114506396	4.150582648405857	55.52582455355244	1.098796530074072
2011.5959090909087	5.336938539729133	4.175941508414266	51.5680806079543	1.1626067026034068
2011.4948989898985	5.302953291404111	4.191464975710108	44.12355757761462	1.1422545452183883
2011.3938888888883	5.263324454268403	4.202474091594799	41.61917659724361	1.2326375785083297
2011.2928787878782	5.218702284258917	4.211335076288488	36.73649969448943	1.2369591187974338
2011.191868686868	5.121088644420429	4.180146969230468	34.3424575803049	1.318759522633678
2011.0908585858579	4.9387781272175895	4.094206713582584	30.863093030858956	1.34772416644607
2010.9898484848477	4.693582582803583	3.941718542551882	24.860141686293048	1.2923033096715058
2010.8888383838375	4.394979475124467	3.761135288610982	21.510320826408197	1.32332337805557
2010.7878282828274	4.037899112148068	3.535462279949484	17.593584823876576	1.2758089851501795
2010.6868181818172	3.6940927418779634	3.2933524299339223	14.755465169658022	1.2369512872855606
2010.585808080807	3.3678280221311843	3.0659291012024332	11.961256689335544	1.1400124503021996
2010.484797979797	3.0952744310610507	2.8654381752250573	10.527783471032159	1.0780447005102136
2010.3837878787867	2.851325330114157	2.682008557619654	9.218337259774856	1.0009516751114627
2010.2827777777766	2.6673770425818173	2.546578871118136	8.473461187318813	0.9795707124979713
2010.1817676767664	2.5049385368629005	2.426405049783572	7.360831813821954	0.9215869035802042
2010.0807575757563	2.3533292496401783	2.3192520294182364	6.684185418318785	0.8544739957764593
2009.979747474746	2.233479171179559	2.2344876130293367	6.05628657435658	0.7907251195905773
2009.878737373736	2.151521321890111	2.1694418313342543	5.901985646931077	0.7814001539421456
2009.7777272727258	2.1015254562415135	2.123953167969547	5.459013156767668	0.757035988057569
2009.6767171717156	2.0825981002593856	2.097539365091976	5.34223056221213	0.7657488016511947
2009.5757070707054	2.083124726232376	2.089141396469562	5.342646188846286	0.8077883694099315
2009.4746969696953	2.109678244486585	2.097254334627267	5.0343095494871495	0.8416105791577833
2009.3736868686851	2.070771066007513	2.057665950602383	4.819267657839785	0.8512934522866444
2009.272676767675	1.983557766633158	1.991683920406505	4.605583755523812	0.8208608828776829
2009.1716666666648	1.9816461598843413	1.9849519972206824	4.551915490755717	0.8830415268467176
2009.0706565656546	2.048884096025961	2.020093651755226	4.603410113359805	0.9469772566084138
2008.9696464646445	2.0844980874349615	2.0366329313351494	4.621564251500189	0.9464299664553929
2008.8686363636343	2.075244315326192	2.024057775600713	4.863216583863833	0.9498094914441504
2008.7676262626242	2.0596655213225055	2.0086126545851046	4.848568606625818	0.9077244347309064
2008.666616161614	2.044216402054694	1.9988750988312023	4.987817037062479	0.9090152247176528
2008.5656060606038	2.0430641751210423	1.9886472662901558	4.934470313787269	0.8906565987505691
2008.4645959595937	2.0497866139715653	1.989510763268503	5.012665012339105	0.8926979002627202
2008.3635858585835	2.0665219973339544	1.9918207606302505	5.102666907494131	0.9047519697693205
2008.2625757575734	2.096838166393013	2.004084517081179	5.164275802346091	0.9205097625916548
2008.1615656565632	2.1168843827632156	2.014587503377794	5.114190014944667	0.9546849453302995
2008.060555555553	2.0808171244293847	1.9857331021702012	4.986410743895027	0.9737261945147803
2007.9595454545429	1.9899241373528198	1.9141803367201158	4.398852060815535	0.9434402453504843
2007.8585353535327	1.8099122351078147	1.7824347070268765	3.877089128590355	0.8835882113000866
2007.7575252525226	1.6902574290636991	1.6890314087004143	3.5397991148545564	0.7923529228212232
2007.6565151515124	1.5955357648092594	1.6085693323019767	3.453853469125293	0.7322094885354915
2007.5555050505022	1.5191665844437825	1.5419488892053252	3.275463998645295	0.6791642872651018
2007.454494949492	1.4597968310880345	1.4848686338428265	3.0714813145808995	0.6000494968159897
2007.353484848482	1.3963363938922837	1.431666377612625	3.149632387404841	0.5706495280077404
2007.2524747474718	1.3256628671864816	1.3758116853908842	3.1567614278201512	0.502705936156503
2007.1514646464616	1.2494611272401321	1.3143926008954723	3.1067738766908044	0.42905032381148694
2007.0504545454514	1.177646529540902	1.2641746738914565	3.05974497824211	0.37204215051874195
2006.9494444444413	1.1224335336461744	1.2182553384567043	3.0567514844766777	0.3285905983899589
2006.848434343431	1.096882476072763	1.198162994792595	3.0443216312787946	0.30301943419919536
2006.747424242421	1.10376030650075	1.1995469337270175	3.0997313048749056	0.2945640559677565
2006.6464141414108	1.1354673741983103	1.2262598172689712	3.321067417177559	0.3066540161800786
2006.5454040404006	1.1843324963737922	1.2628702790389446	3.55425210332796	0.3202386109118409
2006.4443939393905	1.2408165120780514	1.2996208555286568	3.8207701235676015	0.3403149190990505
2006.3433838383803	1.297527066965835	1.3404456936501898	4.115343533400067	0.35042289075147015
2006.2423737373701	1.349370798166192	1.3748629306309625	4.4454608267402635	0.37344202111581226
2006.14136363636	1.399082234312458	1.405955323152213	4.783097577122942	0.3822186293337332
2006.0403535353498	1.4413260713057912	1.4358192629139268	5.17294927182907	0.3903422518806034
2005.9393434343397	1.4763824425749554	1.4604775622176134	5.391285778184938	0.39766159959635955
2005.8383333333295	1.5095285506634772	1.4804767463916801	5.844563742282793	0.41290237569268695
2005.7373232323193	1.53702673246634	1.4953947097729572	6.210893451062873	0.4185818767136555
2005.6363131313092	1.5507913759161192	1.5050600745485014	5.899411092613524	0.40014821453015453
2005.535303030299	1.5535673364901985	1.503114278175804	6.193747608069322	0.41312119260084695
2005.4342929292889	1.54878811225475	1.504932871021123	6.207414129156246	0.3985551890811298
2005.3332828282787	1.5345412087732442	1.4998498094447696	6.075391553941782	0.3900605319937869
2005.2322727272685	1.5143419767844517	1.483946067242694	6.203799467502167	0.38358774965286957
2005.1312626262584	1.4935159053545393	1.4698412605376552	5.863165071003442	0.3476013612234031
2005.0302525252482	1.4711756385404455	1.4506478504495792	6.494029069487652	0.36439897060603665
2004.929242424238	1.4448509754705965	1.4365260157726376	6.1492028138737895	0.32578268788406106
2004.828232323228	1.4150111106750547	1.4165567204318046	6.385010415673573	0.3183776697645547
2004.7272222222177	1.3842164375223756	1.3980696846106608	6.254886246092126	0.2860173029133242
2004.6262121212076	1.3468094637015786	1.3795795125563173	6.140558646010655	0.2610481456723017
2004.5252020201974	1.3118477445112693	1.3573699897389715	6.559359131805857	0.24921491677181123
2004.4241919191873	1.2763162721058108	1.3351702740444698	6.242020060728146	0.2184489507009332
2004.323181818177	1.2455121674954848	1.3136094661937339	6.673578093680993	0.20755053868312856
2004.222171717167	1.2169887530082282	1.2978219763765235	7.001877279133687	0.1950744051798613
