Time	Mean	Median	Upper	Lower
2013.153	13.2242379539441	7.5940595281720435	2329.3986447077705	0.21158194659826984
2013.041888888889	12.946916503875276	7.605351655023525	1719.2177210538284	0.2915851879242706
2012.9307777777778	12.345606905054618	7.511875267938775	1373.6033484372601	0.39964727671100564
2012.8196666666668	11.791896415074998	7.434142003003682	872.3816988792931	0.43281623944958253
2012.7085555555557	10.876823300847876	7.10164870715728	669.205376628406	0.49072434350743976
2012.5974444444446	10.003103455291809	6.646295164831151	447.4097919772636	0.5309265462097955
2012.4863333333335	8.751155900753472	6.172544233851293	247.2135478355862	0.553055737147313
2012.3752222222224	7.126587586147408	5.325453669970104	149.30438101602908	0.5892177442581434
2012.2641111111113	5.5991884373580545	4.403260420888435	86.20484062405822	0.4752085790734132
2012.1530000000002	5.233322054659039	4.237990879115859	90.0873582728069	0.5124080951025176
2012.0418888888892	5.501225075981319	4.412629705959617	110.38848017964179	0.4287772376710235
2011.930777777778	5.995519249610911	4.776294849212835	172.1385054919026	0.35144438769220043
2011.819666666667	6.4307642988222335	5.0123875121530785	313.8512160892338	0.2828314693893254
2011.708555555556	6.675386322278455	5.045233495562887	475.5838816903181	0.2022254867081189
2011.5974444444448	7.132771813633778	5.083118333237416	517.5891677766081	0.13763251296868773
2011.4863333333337	7.984538047355407	5.346778018278079	875.5692667363718	0.17888681615097218
2011.3752222222226	9.13301879038104	5.674709106748216	1218.8115519764194	0.20284545885507582
2011.2641111111116	10.762894587219993	6.348741841341596	1368.131694059246	0.22789604731013635
2011.1530000000005	12.087392016894128	6.869789056974549	1809.277168068048	0.28142744815202525
2011.0418888888894	13.331773161826026	7.326361938869773	2286.0295855970285	0.2948666943305987
2010.9307777777783	14.363477888601277	7.744386957961976	2583.3862628745487	0.3333600677332388
2010.8196666666672	15.349800677186279	8.220211948139305	2866.3691556907816	0.32910918761589436
2010.7085555555561	15.97398655947112	8.638402600719298	3879.2283647660142	0.4311751125645371
2010.597444444445	16.494660517274443	8.948743566186906	3512.1478514453192	0.39084095569715427
2010.486333333334	16.89783504554977	9.035460842733436	3980.829572900065	0.4681742697020868
2010.3752222222229	16.63359980929491	9.029751167860285	3343.9963130309666	0.5150028977102287
2010.2641111111118	16.1590155038534	8.913574014218105	2616.5804884640097	0.4718902220234528
2010.1530000000007	15.273160423048827	8.661557007698361	1857.8213342376685	0.49938886763070406
2010.0418888888896	14.123843473463467	8.301268110603095	1342.0453272084465	0.48921299116816447
2009.9307777777785	12.635217655497797	7.869305235658503	850.7726879592673	0.632605394395471
2009.8196666666674	11.211666424035117	7.178027450567298	584.8826867909324	0.7370098430622816
2009.7085555555564	9.71781196666869	6.602230602673165	272.14180357206607	0.7544152827809247
2009.5974444444453	7.1774314450836645	5.278044620815507	141.2439743354567	0.766092892944515
2009.4863333333342	4.321129672265143	3.5920458096495587	63.77820425816666	0.41569317808713047
2009.375222222223	2.3503971890150153	2.3985762303943936	28.26935360098156	0.15089459774884662
2009.264111111112	1.4496304541982665	1.647382358350322	13.55941239180731	0.08657901373177176
2009.153000000001	1.3813706860574317	1.5240748324792293	11.275406208285553	0.11741826249903015
2009.0418888888898	1.8996959557129351	1.9010253361602556	12.068736065689862	0.23418156677785815
2008.9307777777788	2.8470544390836796	2.5232659076102797	23.50689373021913	0.44606371263971595
2008.8196666666677	3.664515440361301	3.031622231920684	46.26695192154526	0.5142555949385577
2008.7085555555566	4.244826588468243	3.326297808597607	64.69213966679803	0.47934729752234
2008.5974444444455	4.56340768986557	3.5101666337088466	90.64349798417506	0.4674906335191747
2008.4863333333344	4.689513999842939	3.5933450770370263	110.99950993087438	0.42436983166316233
2008.3752222222233	4.7605438721894	3.6423891379018993	98.11883652176886	0.396797405994133
2008.2641111111122	4.570705856971378	3.5036344066904688	105.46337469795864	0.41991451057445145
2008.1530000000012	4.124855090136918	3.300015163568732	78.69646753291381	0.3505120597790219
2008.04188888889	3.725358928646932	3.093209525153984	60.31158375305635	0.30558023149381586
2007.930777777779	3.3519364560784983	2.914362673833237	48.173959099079255	0.300060679397821
2007.819666666668	3.095599160664423	2.7720225280086783	35.58637981019975	0.2879238863132046
2007.7085555555568	2.9454551915046476	2.7263780284320567	32.10897957790774	0.29038346630960155
2007.5974444444457	2.861429637150027	2.726094907115269	28.227958097415506	0.286449727475755
2007.4863333333346	2.8589761449745	2.7832138547129466	23.37619185654362	0.29178577773508496
2007.3752222222236	2.9407964680418397	2.8664207040732737	20.47912890807451	0.38121339732479537
2007.2641111111125	2.8860124078511653	2.8318695311318365	15.900347585314856	0.4885588571084216
2007.1530000000014	2.564836385909912	2.664427784513854	13.006317860010128	0.42734594581365865
2007.0418888888903	3.489974494310829	3.407592645864682	19.005704350770444	0.5676430440542707
2006.9307777777792	5.285352094554601	4.665550213344952	39.378238908044494	0.8516571455084132
2006.8196666666681	7.921693592089517	6.370517871720319	98.79978662826429	1.349647900688861
2006.708555555557	11.08646688812385	8.432957580944386	165.7460107139052	1.6120666268030963
2006.597444444446	14.386718440824552	10.639710759939259	251.48417508023758	1.7322673126182555
2006.4863333333349	17.38943737338772	12.647515084492108	362.32350656124584	2.052274497826055
2006.3752222222238	19.139949982300195	14.03854222308433	385.31497300349326	2.1303607645484246
2006.2641111111127	19.566082080650336	14.472481494077437	357.54848976496737	2.1117143158880616
2006.1530000000016	18.364567893075193	13.77381132957117	331.46535869858445	2.2329169729973133
2006.0418888888905	15.688182342833812	12.065095801309113	237.3280065798783	1.9272422701482865
2005.9307777777794	12.611308125106795	9.928220869376863	172.50316711944862	1.6965747039959274
2005.8196666666684	9.236566859986809	7.418373865689909	117.21856633286083	1.2441045837671807
2005.7085555555573	6.452661931694946	5.437215548676113	73.38009344281964	0.8169910934773095
2005.5974444444462	4.9535778862399535	4.3640853799350054	40.457977564962974	0.6907658849252981
2005.486333333335	4.283601785342423	3.854897319761189	29.7194542141226	0.7639831451619441
2005.375222222224	4.174556200339809	3.7356307745855815	26.262086290774004	0.7981676031096974
2005.264111111113	4.126096553587634	3.670049801357425	27.506870381838322	0.8013144255590657
2005.1530000000018	3.864452591351496	3.441341453974691	28.070708452469194	0.6378054571450242
2005.0418888888908	3.3870317326275474	3.0957826770652934	26.471521443414247	0.5671111083458711
2004.9307777777797	2.7602192900388314	2.5837187385165246	20.76851161492951	0.40178772981855726
2004.8196666666686	2.247108871477946	2.1657384898439673	15.833996085011188	0.29741383826524603
2004.7085555555575	1.9110609744391778	1.8839215530074818	12.162934538655731	0.2613960239214949
2004.5974444444464	1.6991946831941984	1.7205979064067491	10.923645482599046	0.24089120154147428
2004.4863333333353	1.5983698349857567	1.6134503928921662	10.402330434591994	0.1999776897536081
2004.3752222222242	1.5462393757822972	1.5453769247263247	11.701016950327933	0.17092020108901843
2004.2641111111132	1.4728943443322702	1.4681174430997384	15.484019059963952	0.16867004211936565
2004.153000000002	1.4094516002681323	1.4152190256193924	15.65126385649815	0.1189816341856271
2004.041888888891	1.3094134500439092	1.3453547353135074	18.41892512094453	0.08422465715902493
2003.93077777778	1.1942793504311109	1.266444860835638	19.210840437668168	0.04422144414000089
2003.8196666666688	1.046286646554143	1.170710966643748	21.888225895122346	0.03214686426850071
2003.7085555555577	0.9044124920110094	1.0729887080808038	17.908614000494808	0.019390657879644446
2003.5974444444466	0.7723170738816458	0.969352764309607	20.534600208397634	0.015911080820666695
2003.4863333333356	0.6684857486676224	0.8711804280689722	16.1522029888821	0.008358126472814028
2003.3752222222245	0.5867468047176717	0.7901217505684633	18.395786053929832	0.006981674648748982
2003.2641111111134	0.5134155717316077	0.715422721260004	15.609976632481212	0.004976421018898053
2003.1530000000023	0.45840761548334424	0.6554556875291231	13.435234097466168	0.003116213920429895
